# Scene: scene-1077
# Description: Night, big street, bus stop, high speed, construction vehicle
# Num samples: 41
# Format:
#   FRAME timestamp ego_x ego_y ego_yaw
#   BOX x1 y1 x2 y2 x3 y3 x4 y4 minZ maxZ instance_token category
#   ENDFRAME

FRAME 1542800367.947576 608.858751 2011.052220 -1.557497
BOX 627.882840 1964.137097 626.456356 1965.434142 623.149160 1961.796903 624.575644 1960.499858 0.199500 1.872500 b3551ff1bff84890a8ae2a3347715ff1 vehicle.car
BOX 609.595255 2026.937440 608.478639 2025.211084 612.248745 2022.772560 613.365361 2024.498916 -0.565000 1.071000 899ad29ad80544f28c6c774002d8f707 vehicle.car
BOX 618.100898 1982.478768 616.469804 1983.955092 613.101102 1980.233232 614.732196 1978.756908 -0.087500 1.661500 93b97027abcc416cb31040c99df60180 vehicle.car
BOX 617.214534 2036.520540 618.401803 2038.372672 614.575466 2040.825460 613.388197 2038.973328 -1.308500 0.370500 38843e03ed134257878b7bf01c7f82b6 vehicle.car
BOX 600.975029 1999.326814 600.147135 2001.147416 595.510971 1999.039186 596.338865 1997.218584 0.052500 1.647500 0fb3d6d2627b43e198b743e8a9f24499 vehicle.car
BOX 594.439236 2021.464081 596.639135 2021.485161 596.588764 2026.741919 594.388865 2026.720839 0.102500 2.223500 9091a580e27b4c7a96060d109ce7ef4c vehicle.car
BOX 599.754969 2005.743554 599.850638 2007.678190 595.437031 2007.896446 595.341362 2005.961810 0.081000 1.645000 8ec0a6ae7ae14950b2448ca4d25db3b2 vehicle.car
BOX 624.809660 1977.323419 626.521986 1976.063334 629.238340 1979.754581 627.526014 1981.014666 0.191000 1.761000 437fe13d66554c51b1ea89f940e5bf4b vehicle.car
BOX 613.965219 1995.615125 615.537963 1994.143326 618.668781 1997.488875 617.096037 1998.960674 -0.037000 1.613000 ed634e83a0664c59b8d5e7cc84f8ae3e vehicle.car
BOX 602.527584 2014.115296 603.327176 2015.920103 599.100416 2017.792704 598.300824 2015.987897 0.074000 1.712000 f8cdbed0a8544e27b5d2f807a831cdbd vehicle.car
BOX 606.779859 2022.853760 605.777721 2021.362140 609.180141 2019.076240 610.182279 2020.567860 -0.261000 1.283000 a91020ac07ee4bf6b3495e2347d172be vehicle.car
BOX 630.990976 1969.992092 629.438676 1971.444759 626.301024 1968.091908 627.853324 1966.639241 0.235500 1.876500 51032ace999a4c238581fab3ec731adb vehicle.car
ENDFRAME

FRAME 1542800368.447460 609.227471 2007.957511 -1.320414
BOX 621.741840 1970.339097 620.315356 1971.636142 617.008160 1967.998903 618.434644 1966.701858 -0.100500 1.572500 b3551ff1bff84890a8ae2a3347715ff1 vehicle.car
BOX 609.697255 2027.095440 608.580639 2025.369084 612.350745 2022.930560 613.467361 2024.656916 -0.515000 1.121000 899ad29ad80544f28c6c774002d8f707 vehicle.car
BOX 645.702657 1946.934217 644.209379 1948.555247 640.725343 1945.345783 642.218621 1943.724753 -0.160000 1.632000 553e556945f54168b75bc58c158afa8a vehicle.car
BOX 614.935898 1985.445768 613.304804 1986.922092 609.936102 1983.200232 611.567196 1981.723908 -0.064500 1.684500 93b97027abcc416cb31040c99df60180 vehicle.car
BOX 620.609534 2041.469540 621.796803 2043.321672 617.970466 2045.774460 616.783197 2043.922328 -2.043500 -0.364500 38843e03ed134257878b7bf01c7f82b6 vehicle.car
BOX 600.209667 2001.735605 599.846810 2003.702413 594.838333 2002.778395 595.201190 2000.811587 0.201500 1.796500 0fb3d6d2627b43e198b743e8a9f24499 vehicle.car
BOX 594.511236 2021.537081 596.711135 2021.558161 596.660764 2026.814919 594.460865 2026.793839 0.302500 2.423500 9091a580e27b4c7a96060d109ce7ef4c vehicle.car
BOX 600.244995 2008.271070 600.642130 2010.166922 596.317005 2011.072930 595.919870 2009.177078 0.202000 1.766000 8ec0a6ae7ae14950b2448ca4d25db3b2 vehicle.car
BOX 629.665259 1972.755844 631.285515 1971.379383 634.252741 1974.872156 632.632485 1976.248617 0.243000 1.813000 437fe13d66554c51b1ea89f940e5bf4b vehicle.car
BOX 586.841739 2025.091599 588.692857 2024.039932 590.954261 2028.020401 589.103143 2029.072068 0.682000 2.400000 b7dfd81ddefe4aa4bb6022a938ccc653 vehicle.car
BOX 617.057219 1992.794125 618.629963 1991.322326 621.760781 1994.667875 620.188037 1996.139674 -0.225000 1.425000 ed634e83a0664c59b8d5e7cc84f8ae3e vehicle.car
BOX 604.172809 2017.198944 605.126658 2018.927194 601.079191 2021.161056 600.125342 2019.432806 0.124000 1.762000 f8cdbed0a8544e27b5d2f807a831cdbd vehicle.car
BOX 606.635078 2022.904527 605.659126 2021.395645 609.100922 2019.169473 610.076874 2020.678355 -0.261000 1.283000 a91020ac07ee4bf6b3495e2347d172be vehicle.car
BOX 627.550976 1973.314092 625.998676 1974.766759 622.861024 1971.413908 624.413324 1969.961241 -0.048500 1.592500 51032ace999a4c238581fab3ec731adb vehicle.car
ENDFRAME

FRAME 1542800368.948430 610.384463 2004.811594 -1.098554
BOX 615.924840 1976.160097 614.498356 1977.457142 611.191160 1973.819903 612.617644 1972.522858 -0.050500 1.622500 b3551ff1bff84890a8ae2a3347715ff1 vehicle.car
BOX 643.163159 1960.250816 641.602097 1961.711683 638.288841 1958.171184 639.849903 1956.710317 -0.469500 1.143500 ba1b0f1e89224a1ebba624bcba1b6833 vehicle.car
BOX 609.529255 2027.162440 608.412639 2025.436084 612.182745 2022.997560 613.299361 2024.723916 -0.643000 0.993000 899ad29ad80544f28c6c774002d8f707 vehicle.car
BOX 639.563657 1952.699217 638.070379 1954.320247 634.586343 1951.110783 636.079621 1949.489753 -0.160000 1.632000 553e556945f54168b75bc58c158afa8a vehicle.car
BOX 611.784113 1988.374968 610.179032 1989.879533 606.745887 1986.217032 608.350968 1984.712467 -0.041500 1.707500 93b97027abcc416cb31040c99df60180 vehicle.car
BOX 623.176534 2046.521540 624.363803 2048.373672 620.537466 2050.826460 619.350197 2048.974328 -2.780500 -1.101500 38843e03ed134257878b7bf01c7f82b6 vehicle.car
BOX 599.915327 2004.149165 599.899514 2006.149102 594.806673 2006.108835 594.822486 2004.108898 0.351500 1.946500 0fb3d6d2627b43e198b743e8a9f24499 vehicle.car
BOX 594.508236 2021.826081 596.708135 2021.847161 596.657764 2027.103919 594.457865 2027.082839 0.302500 2.423500 9091a580e27b4c7a96060d109ce7ef4c vehicle.car
BOX 601.185889 2010.948309 601.906201 2012.746397 597.804111 2014.389691 597.083799 2012.591603 0.217000 1.781000 8ec0a6ae7ae14950b2448ca4d25db3b2 vehicle.car
BOX 634.827727 1968.041539 636.398959 1966.609370 639.486273 1969.996461 637.915041 1971.428630 -0.457000 1.113000 437fe13d66554c51b1ea89f940e5bf4b vehicle.car
BOX 586.635739 2024.975599 588.486857 2023.923932 590.748261 2027.904401 588.897143 2028.956068 0.783000 2.501000 b7dfd81ddefe4aa4bb6022a938ccc653 vehicle.car
BOX 620.335219 1989.972125 621.907963 1988.500326 625.038781 1991.845875 623.466037 1993.317674 -0.312000 1.338000 ed634e83a0664c59b8d5e7cc84f8ae3e vehicle.car
BOX 605.870263 2020.265669 606.971109 2021.904210 603.133737 2024.482331 602.032891 2022.843790 0.110000 1.748000 f8cdbed0a8544e27b5d2f807a831cdbd vehicle.car
BOX 606.586078 2022.935527 605.610126 2021.426645 609.051922 2019.200473 610.027874 2020.709355 -0.144000 1.400000 a91020ac07ee4bf6b3495e2347d172be vehicle.car
BOX 649.209851 1953.644099 647.753201 1955.007256 644.366149 1951.387901 645.822799 1950.024744 -0.349000 1.243000 c69ecef782944697a5ede6e1b27d37b5 vehicle.car
BOX 624.098976 1976.545092 622.546676 1977.997759 619.409024 1974.644908 620.961324 1973.192241 -0.131500 1.509500 51032ace999a4c238581fab3ec731adb vehicle.car
ENDFRAME

FRAME 1542800369.448339 612.235641 2001.769059 -0.917523
BOX 609.380840 1982.386097 607.954356 1983.683142 604.647160 1980.045903 606.073644 1978.748858 -0.100500 1.572500 b3551ff1bff84890a8ae2a3347715ff1 vehicle.car
BOX 640.229159 1962.779816 638.668097 1964.240683 635.354841 1960.700184 636.915903 1959.239317 -0.319500 1.293500 ba1b0f1e89224a1ebba624bcba1b6833 vehicle.car
BOX 609.528255 2027.291440 608.411639 2025.565084 612.181745 2023.126560 613.298361 2024.852916 -0.520000 1.116000 899ad29ad80544f28c6c774002d8f707 vehicle.car
BOX 633.868657 1957.697217 632.375379 1959.318247 628.891343 1956.108783 630.384621 1954.487753 -0.359000 1.433000 553e556945f54168b75bc58c158afa8a vehicle.car
BOX 608.361113 1991.481968 606.756032 1992.986533 603.322887 1989.324032 604.927968 1987.819467 -0.018500 1.730500 93b97027abcc416cb31040c99df60180 vehicle.car
BOX 600.124913 2006.706532 600.318238 2008.697167 595.249087 2009.189468 595.055762 2007.198833 0.451500 2.046500 0fb3d6d2627b43e198b743e8a9f24499 vehicle.car
BOX 602.686765 2013.985989 603.591083 2015.698934 599.683235 2017.762011 598.778917 2016.049066 0.249000 1.813000 8ec0a6ae7ae14950b2448ca4d25db3b2 vehicle.car
BOX 639.254727 1963.650539 640.825959 1962.218370 643.913273 1965.605461 642.342041 1967.037630 -0.506000 1.064000 437fe13d66554c51b1ea89f940e5bf4b vehicle.car
BOX 586.813739 2024.875599 588.664857 2023.823932 590.926261 2027.804401 589.075143 2028.856068 0.883000 2.601000 b7dfd81ddefe4aa4bb6022a938ccc653 vehicle.car
BOX 623.801219 1986.628125 625.373963 1985.156326 628.504781 1988.501875 626.932037 1989.973674 -0.300000 1.350000 ed634e83a0664c59b8d5e7cc84f8ae3e vehicle.car
BOX 606.537078 2022.967527 605.561126 2021.458645 609.002922 2019.232473 609.978874 2020.741355 -0.027000 1.517000 a91020ac07ee4bf6b3495e2347d172be vehicle.car
BOX 620.653976 1979.770092 619.101676 1981.222759 615.964024 1977.869908 617.516324 1976.417241 -0.089500 1.551500 51032ace999a4c238581fab3ec731adb vehicle.car
ENDFRAME

FRAME 1542800369.949334 614.784636 1998.776777 -0.793150
BOX 603.471840 1988.027097 602.045356 1989.324142 598.738160 1985.686903 600.164644 1984.389858 0.212500 1.885500 b3551ff1bff84890a8ae2a3347715ff1 vehicle.car
BOX 637.288159 1965.314816 635.727097 1966.775683 632.413841 1963.235184 633.974903 1961.774317 -0.169500 1.443500 ba1b0f1e89224a1ebba624bcba1b6833 vehicle.car
BOX 609.338255 2027.340440 608.221639 2025.614084 611.991745 2023.175560 613.108361 2024.901916 -0.220000 1.416000 899ad29ad80544f28c6c774002d8f707 vehicle.car
BOX 628.178657 1963.166217 626.685379 1964.787247 623.201343 1961.577783 624.694621 1959.956753 -0.160000 1.632000 553e556945f54168b75bc58c158afa8a vehicle.car
BOX 605.738113 1993.964968 604.133032 1995.469533 600.699887 1991.807032 602.304968 1990.302467 0.176500 1.925500 93b97027abcc416cb31040c99df60180 vehicle.car
BOX 600.541409 2009.495322 601.009894 2011.439678 596.058591 2012.632678 595.590106 2010.688322 0.451500 2.046500 0fb3d6d2627b43e198b743e8a9f24499 vehicle.car
BOX 594.511236 2021.537081 596.711135 2021.558161 596.660764 2026.814919 594.460865 2026.793839 0.552500 2.673500 9091a580e27b4c7a96060d109ce7ef4c vehicle.car
BOX 604.428896 2017.032980 605.421623 2018.696249 601.627104 2020.961020 600.634377 2019.297751 0.280000 1.844000 8ec0a6ae7ae14950b2448ca4d25db3b2 vehicle.car
BOX 644.396023 1959.377340 645.942020 1957.917967 649.087977 1961.250660 647.541980 1962.710033 -0.554000 1.016000 437fe13d66554c51b1ea89f940e5bf4b vehicle.car
BOX 586.686739 2024.875599 588.537857 2023.823932 590.799261 2027.804401 588.948143 2028.856068 0.933000 2.651000 b7dfd81ddefe4aa4bb6022a938ccc653 vehicle.car
BOX 627.464219 1983.369125 629.036963 1981.897326 632.167781 1985.242875 630.595037 1986.714674 -0.375000 1.275000 ed634e83a0664c59b8d5e7cc84f8ae3e vehicle.car
BOX 609.617263 2026.645669 610.718109 2028.284210 606.880737 2030.862331 605.779891 2029.223790 -0.068000 1.570000 f8cdbed0a8544e27b5d2f807a831cdbd vehicle.car
BOX 606.488078 2022.999527 605.512126 2021.490645 608.953922 2019.264473 609.929874 2020.773355 0.089000 1.633000 a91020ac07ee4bf6b3495e2347d172be vehicle.car
BOX 646.101851 1957.338099 644.645201 1958.701256 641.258149 1955.081901 642.714799 1953.718744 -0.299000 1.293000 c69ecef782944697a5ede6e1b27d37b5 vehicle.car
BOX 617.200976 1983.001092 615.648676 1984.453759 612.511024 1981.100908 614.063324 1979.648241 -0.047500 1.593500 51032ace999a4c238581fab3ec731adb vehicle.car
ENDFRAME

FRAME 1542800370.450291 617.830057 1995.731590 -0.756233
BOX 597.256840 1993.602097 595.830356 1994.899142 592.523160 1991.261903 593.949644 1989.964858 0.292500 1.965500 b3551ff1bff84890a8ae2a3347715ff1 vehicle.car
BOX 634.206159 1967.981816 632.645097 1969.442683 629.331841 1965.902184 630.892903 1964.441317 -0.119500 1.493500 ba1b0f1e89224a1ebba624bcba1b6833 vehicle.car
BOX 557.560517 2046.022557 559.308362 2044.661946 562.085483 2048.229443 560.337638 2049.590054 1.958000 3.802000 636a3502e466478ba2d6e104564dcdf6 vehicle.car
BOX 621.514657 1969.597217 620.021379 1971.218247 616.537343 1968.008783 618.030621 1966.387753 -0.060000 1.732000 553e556945f54168b75bc58c158afa8a vehicle.car
BOX 603.460609 1996.325163 602.066138 1998.026766 598.183391 1994.844837 599.577862 1993.143234 0.335500 2.084500 93b97027abcc416cb31040c99df60180 vehicle.car
BOX 654.265687 1949.001748 652.667449 1950.564073 649.244313 1947.062252 650.842551 1945.499927 -0.091500 1.567500 124d05dc4d28496eac0f8f955c247ace vehicle.car
BOX 601.506282 2012.104587 602.368785 2013.909050 597.773718 2016.105413 596.911215 2014.300950 0.451500 2.046500 0fb3d6d2627b43e198b743e8a9f24499 vehicle.car
BOX 594.513236 2021.320081 596.713135 2021.341161 596.662764 2026.597919 594.462865 2026.576839 0.703500 2.824500 9091a580e27b4c7a96060d109ce7ef4c vehicle.car
BOX 647.883951 1949.444309 646.379111 1950.852563 642.416049 1946.617691 643.920889 1945.209437 -0.341000 1.659000 b51a3d3cde35495fbac2bf37cb9f2c55 vehicle.car
BOX 606.396896 2020.010980 607.389623 2021.674249 603.595104 2023.939020 602.602377 2022.275751 0.312000 1.876000 8ec0a6ae7ae14950b2448ca4d25db3b2 vehicle.car
BOX 649.591141 1954.343037 651.187128 1952.938508 654.214859 1956.378963 652.618872 1957.783492 -0.353000 1.217000 437fe13d66554c51b1ea89f940e5bf4b vehicle.car
BOX 631.349219 1979.918125 632.921963 1978.446326 636.052781 1981.791875 634.480037 1983.263674 -0.416000 1.234000 ed634e83a0664c59b8d5e7cc84f8ae3e vehicle.car
BOX 606.542078 2022.964527 605.566126 2021.455645 609.007922 2019.229473 609.983874 2020.738355 0.206000 1.750000 a91020ac07ee4bf6b3495e2347d172be vehicle.car
BOX 644.037851 1958.069099 642.581201 1959.432256 639.194149 1955.812901 640.650799 1954.449744 -0.082000 1.510000 c69ecef782944697a5ede6e1b27d37b5 vehicle.car
BOX 614.086976 1985.809092 612.534676 1987.261759 609.397024 1983.908908 610.949324 1982.456241 0.085500 1.726500 51032ace999a4c238581fab3ec731adb vehicle.car
ENDFRAME

FRAME 1542800370.949037 621.237699 1992.493032 -0.746249
BOX 591.050840 1999.170097 589.624356 2000.467142 586.317160 1996.829903 587.743644 1995.532858 0.635500 2.308500 b3551ff1bff84890a8ae2a3347715ff1 vehicle.car
BOX 631.093159 1970.589816 629.532097 1972.050683 626.218841 1968.510184 627.779903 1967.049317 -0.019500 1.593500 ba1b0f1e89224a1ebba624bcba1b6833 vehicle.car
BOX 615.056441 1976.019537 613.507531 1977.587495 610.137559 1974.258463 611.686469 1972.690505 0.065000 1.857000 553e556945f54168b75bc58c158afa8a vehicle.car
BOX 603.199533 1998.672209 602.038555 2000.540933 597.774467 1997.891791 598.935445 1996.023067 0.493500 2.242500 93b97027abcc416cb31040c99df60180 vehicle.car
BOX 651.612687 1951.938748 650.014449 1953.501073 646.591313 1949.999252 648.189551 1948.436927 -0.052500 1.606500 124d05dc4d28496eac0f8f955c247ace vehicle.car
BOX 603.196031 2015.294654 604.151790 2017.051505 599.677969 2019.485346 598.722210 2017.728495 0.469500 2.064500 0fb3d6d2627b43e198b743e8a9f24499 vehicle.car
BOX 642.118951 1955.078309 640.614111 1956.486563 636.651049 1952.251691 638.155889 1950.843437 -0.322000 1.678000 b51a3d3cde35495fbac2bf37cb9f2c55 vehicle.car
BOX 654.843399 1949.591268 656.283830 1948.027607 659.654601 1951.132732 658.214170 1952.696393 -0.152000 1.418000 437fe13d66554c51b1ea89f940e5bf4b vehicle.car
BOX 586.935739 2024.808599 588.786857 2023.756932 591.048261 2027.737401 589.197143 2028.789068 1.183000 2.901000 b7dfd81ddefe4aa4bb6022a938ccc653 vehicle.car
BOX 635.217219 1976.482125 636.789963 1975.010326 639.920781 1978.355875 638.348037 1979.827674 -0.358000 1.292000 ed634e83a0664c59b8d5e7cc84f8ae3e vehicle.car
BOX 606.596078 2022.929527 605.620126 2021.420645 609.061922 2019.194473 610.037874 2020.703355 0.322000 1.866000 a91020ac07ee4bf6b3495e2347d172be vehicle.car
BOX 641.494851 1960.373099 640.038201 1961.736256 636.651149 1958.116901 638.107799 1956.753744 0.035000 1.627000 c69ecef782944697a5ede6e1b27d37b5 vehicle.car
BOX 610.985976 1988.605092 609.433676 1990.057759 606.296024 1986.704908 607.848324 1985.252241 0.218500 1.859500 51032ace999a4c238581fab3ec731adb vehicle.car
ENDFRAME

FRAME 1542800371.448359 624.940162 1989.017849 -0.740234
BOX 584.836840 2004.745097 583.410356 2006.042142 580.103160 2002.404903 581.529644 2001.107858 0.778500 2.451500 b3551ff1bff84890a8ae2a3347715ff1 vehicle.car
BOX 628.064159 1973.295816 626.503097 1974.756683 623.189841 1971.216184 624.750903 1969.755317 0.079500 1.692500 ba1b0f1e89224a1ebba624bcba1b6833 vehicle.car
BOX 608.371193 1982.218883 606.768475 1983.731797 603.516807 1980.287117 605.119525 1978.774203 0.189000 1.981000 553e556945f54168b75bc58c158afa8a vehicle.car
BOX 600.093203 2001.673628 599.099285 2003.636312 594.620797 2001.368372 595.614715 1999.405688 0.601500 2.350500 93b97027abcc416cb31040c99df60180 vehicle.car
BOX 648.646687 1954.851748 647.048449 1956.414073 643.625313 1952.912252 645.223551 1951.349927 0.035500 1.694500 124d05dc4d28496eac0f8f955c247ace vehicle.car
BOX 605.534194 2018.718274 606.520469 2020.458177 602.089806 2022.969726 601.103531 2021.229823 0.386500 1.981500 0fb3d6d2627b43e198b743e8a9f24499 vehicle.car
BOX 633.519951 1964.129309 632.015111 1965.537563 628.052049 1961.302691 629.556889 1959.894437 -0.052000 1.948000 b51a3d3cde35495fbac2bf37cb9f2c55 vehicle.car
BOX 660.266399 1944.523268 661.706830 1942.959607 665.077601 1946.064732 663.637170 1947.628393 -0.202000 1.368000 437fe13d66554c51b1ea89f940e5bf4b vehicle.car
BOX 639.171219 1972.577125 640.743963 1971.105326 643.874781 1974.450875 642.302037 1975.922674 -0.300000 1.350000 ed634e83a0664c59b8d5e7cc84f8ae3e vehicle.car
BOX 660.323559 1941.791264 658.891983 1943.240387 655.432441 1939.822736 656.864017 1938.373613 -0.118500 1.496500 38fdf31a4697470e86d0fda3719e426a vehicle.car
BOX 606.650078 2022.895527 605.674126 2021.386645 609.115922 2019.160473 610.091874 2020.669355 0.339000 1.883000 a91020ac07ee4bf6b3495e2347d172be vehicle.car
BOX 638.524851 1963.121099 637.068201 1964.484256 633.681149 1960.864901 635.137799 1959.501744 0.101000 1.693000 c69ecef782944697a5ede6e1b27d37b5 vehicle.car
BOX 607.880976 1991.404092 606.328676 1992.856759 603.191024 1989.503908 604.743324 1988.051241 0.352500 1.993500 51032ace999a4c238581fab3ec731adb vehicle.car
ENDFRAME

FRAME 1542800371.948272 628.804714 1985.446999 -0.738260
BOX 624.937159 1976.241816 623.376097 1977.702683 620.062841 1974.162184 621.623903 1972.701317 0.279500 1.892500 ba1b0f1e89224a1ebba624bcba1b6833 vehicle.car
BOX 566.906517 2040.766557 568.654362 2039.405946 571.431483 2042.973443 569.683638 2044.334054 2.306000 4.150000 636a3502e466478ba2d6e104564dcdf6 vehicle.car
BOX 602.016193 1988.315883 600.413475 1989.828797 597.161807 1986.384117 598.764525 1984.871203 0.447000 2.239000 553e556945f54168b75bc58c158afa8a vehicle.car
BOX 645.676687 1957.768748 644.078449 1959.331073 640.655313 1955.829252 642.253551 1954.266927 0.124500 1.783500 124d05dc4d28496eac0f8f955c247ace vehicle.car
BOX 628.416951 1968.049309 626.912111 1969.457563 622.949049 1965.222691 624.453889 1963.814437 0.217000 2.217000 b51a3d3cde35495fbac2bf37cb9f2c55 vehicle.car
BOX 665.696399 1939.449268 667.136830 1937.885607 670.507601 1940.990732 669.067170 1942.554393 -0.251000 1.319000 437fe13d66554c51b1ea89f940e5bf4b vehicle.car
BOX 643.506219 1968.833125 645.078963 1967.361326 648.209781 1970.706875 646.637037 1972.178674 -0.200000 1.450000 ed634e83a0664c59b8d5e7cc84f8ae3e vehicle.car
BOX 662.647976 1932.759868 661.086208 1934.286543 657.770024 1930.894132 659.331792 1929.367457 -0.096000 1.518000 1ab61111f3da4b92bb304cda7823b5ad vehicle.car
BOX 657.789559 1944.264264 656.357983 1945.713387 652.898441 1942.295736 654.330017 1940.846613 -0.076500 1.538500 38fdf31a4697470e86d0fda3719e426a vehicle.car
BOX 606.703078 2022.860527 605.727126 2021.351645 609.168922 2019.125473 610.144874 2020.634355 0.555000 2.099000 a91020ac07ee4bf6b3495e2347d172be vehicle.car
BOX 635.673851 1965.645099 634.217201 1967.008256 630.830149 1963.388901 632.286799 1962.025744 0.201000 1.793000 c69ecef782944697a5ede6e1b27d37b5 vehicle.car
BOX 605.272976 1993.892092 603.720676 1995.344759 600.583024 1991.991908 602.135324 1990.539241 0.552500 2.193500 51032ace999a4c238581fab3ec731adb vehicle.car
BOX 647.672246 1941.834100 646.242055 1943.232155 642.937754 1939.851900 644.367945 1938.453845 0.096000 2.014000 2d98a4954887471f8ddc9c16acd54086 vehicle.car
ENDFRAME

FRAME 1542800372.397808 632.467505 1982.078368 -0.737017
BOX 622.245159 1978.778816 620.684097 1980.239683 617.370841 1976.699184 618.931903 1975.238317 0.279500 1.892500 ba1b0f1e89224a1ebba624bcba1b6833 vehicle.car
BOX 596.302193 1993.796883 594.699475 1995.309797 591.447807 1991.865117 593.050525 1990.352203 0.679000 2.471000 553e556945f54168b75bc58c158afa8a vehicle.car
BOX 643.033687 1959.941748 641.435449 1961.504073 638.012313 1958.002252 639.610551 1956.439927 0.187500 1.846500 124d05dc4d28496eac0f8f955c247ace vehicle.car
BOX 622.115951 1974.050309 620.611111 1975.458563 616.648049 1971.223691 618.152889 1969.815437 0.267000 2.267000 b51a3d3cde35495fbac2bf37cb9f2c55 vehicle.car
BOX 647.296219 1965.186125 648.868963 1963.714326 651.999781 1967.059875 650.427037 1968.531674 -0.250000 1.400000 ed634e83a0664c59b8d5e7cc84f8ae3e vehicle.car
BOX 658.510976 1936.347868 656.949208 1937.874543 653.633024 1934.482132 655.194792 1932.955457 0.027000 1.641000 1ab61111f3da4b92bb304cda7823b5ad vehicle.car
BOX 655.510559 1946.488264 654.078983 1947.937387 650.619441 1944.519736 652.051017 1943.070613 -0.038500 1.576500 38fdf31a4697470e86d0fda3719e426a vehicle.car
BOX 606.752078 2022.828527 605.776126 2021.319645 609.217922 2019.093473 610.193874 2020.602355 0.660000 2.204000 a91020ac07ee4bf6b3495e2347d172be vehicle.car
BOX 633.367851 1967.809099 631.911201 1969.172256 628.524149 1965.552901 629.980799 1964.189744 0.201000 1.793000 c69ecef782944697a5ede6e1b27d37b5 vehicle.car
BOX 603.381538 1995.854200 601.934353 1997.411611 598.570462 1994.285800 600.017647 1992.728389 0.752500 2.393500 51032ace999a4c238581fab3ec731adb vehicle.car
BOX 644.206246 1945.003100 642.776055 1946.401155 639.471754 1943.020900 640.901945 1941.622845 0.172000 2.090000 2d98a4954887471f8ddc9c16acd54086 vehicle.car
ENDFRAME

FRAME 1542800372.948008 637.069856 1977.823420 -0.739379
BOX 665.134431 1936.811497 663.700776 1938.367802 660.453569 1935.376503 661.887224 1933.820198 0.153000 1.735000 7bb459d7b0c84f9f830093fe3fd142ce vehicle.car
BOX 618.745159 1982.207816 617.184097 1983.668683 613.870841 1980.128184 615.431903 1978.667317 0.458500 2.071500 ba1b0f1e89224a1ebba624bcba1b6833 vehicle.car
BOX 589.309193 2000.505883 587.706475 2002.018797 584.454807 1998.574117 586.057525 1997.061203 0.886000 2.678000 553e556945f54168b75bc58c158afa8a vehicle.car
BOX 600.286390 2009.492296 599.646745 2011.597256 594.843610 2010.137704 595.483255 2008.032744 0.993500 2.742500 93b97027abcc416cb31040c99df60180 vehicle.car
BOX 639.324687 1963.179748 637.726449 1964.742073 634.303313 1961.240252 635.901551 1959.677927 0.152500 1.811500 124d05dc4d28496eac0f8f955c247ace vehicle.car
BOX 595.221236 2020.245081 597.421135 2020.266161 597.370764 2025.522919 595.170865 2025.501839 0.973500 3.094500 9091a580e27b4c7a96060d109ce7ef4c vehicle.car
BOX 614.638951 1980.966309 613.134111 1982.374563 609.171049 1978.139691 610.675889 1976.731437 0.367000 2.367000 b51a3d3cde35495fbac2bf37cb9f2c55 vehicle.car
BOX 652.222219 1960.701125 653.794963 1959.229326 656.925781 1962.574875 655.353037 1964.046674 -0.230000 1.420000 ed634e83a0664c59b8d5e7cc84f8ae3e vehicle.car
BOX 652.880976 1941.405868 651.319208 1942.932543 648.003024 1939.540132 649.564792 1938.013457 0.118000 1.732000 1ab61111f3da4b92bb304cda7823b5ad vehicle.car
BOX 652.532559 1949.567264 651.100983 1951.016387 647.641441 1947.598736 649.073017 1946.149613 0.095500 1.710500 38fdf31a4697470e86d0fda3719e426a vehicle.car
BOX 606.811078 2022.790527 605.835126 2021.281645 609.276922 2019.055473 610.252874 2020.564355 0.788000 2.332000 a91020ac07ee4bf6b3495e2347d172be vehicle.car
BOX 630.325851 1970.686099 628.869201 1972.049256 625.482149 1968.429901 626.938799 1967.066744 0.376000 1.968000 c69ecef782944697a5ede6e1b27d37b5 vehicle.car
BOX 601.389538 1998.772200 599.942353 2000.329611 596.578462 1997.203800 598.025647 1995.646389 0.860500 2.501500 51032ace999a4c238581fab3ec731adb vehicle.car
ENDFRAME

FRAME 1542800373.447883 641.349321 1973.876850 -0.740492
BOX 662.760431 1938.942497 661.326776 1940.498802 658.079569 1937.507503 659.513224 1935.951198 0.203000 1.785000 7bb459d7b0c84f9f830093fe3fd142ce vehicle.car
BOX 615.564159 1985.323816 614.003097 1986.784683 610.689841 1983.244184 612.250903 1981.783317 0.620500 2.233500 ba1b0f1e89224a1ebba624bcba1b6833 vehicle.car
BOX 582.955193 2006.601883 581.352475 2008.114797 578.100807 2004.670117 579.703525 2003.157203 1.075000 2.867000 553e556945f54168b75bc58c158afa8a vehicle.car
BOX 601.002821 2012.688492 600.702041 2014.867834 595.729179 2014.181508 596.029959 2012.002166 1.069500 2.818500 93b97027abcc416cb31040c99df60180 vehicle.car
BOX 636.169687 1966.253748 634.571449 1967.816073 631.148313 1964.314252 632.746551 1962.751927 0.302500 1.961500 124d05dc4d28496eac0f8f955c247ace vehicle.car
BOX 595.571236 2020.031081 597.771135 2020.052161 597.720764 2025.308919 595.520865 2025.287839 1.008500 3.129500 9091a580e27b4c7a96060d109ce7ef4c vehicle.car
BOX 672.780047 1929.182228 671.424985 1930.653217 667.851953 1927.361772 669.207015 1925.890783 0.115500 1.834500 0915c23aa6d345e08735185a61ddbdc9 vehicle.car
BOX 656.697219 1956.626125 658.269963 1955.154326 661.400781 1958.499875 659.828037 1959.971674 -0.212000 1.438000 ed634e83a0664c59b8d5e7cc84f8ae3e vehicle.car
BOX 647.256976 1946.743868 645.695208 1948.270543 642.379024 1944.878132 643.940792 1943.351457 0.104000 1.718000 1ab61111f3da4b92bb304cda7823b5ad vehicle.car
BOX 649.826559 1952.364264 648.394983 1953.813387 644.935441 1950.395736 646.367017 1948.946613 0.216500 1.831500 38fdf31a4697470e86d0fda3719e426a vehicle.car
BOX 606.865078 2022.755527 605.889126 2021.246645 609.330922 2019.020473 610.306874 2020.529355 0.905000 2.449000 a91020ac07ee4bf6b3495e2347d172be vehicle.car
BOX 662.518149 1932.747368 660.917613 1934.258224 657.685851 1930.834632 659.286387 1929.323776 0.201500 1.888500 cecaf6c9a8804724bd10a3ea8e9e1c92 vehicle.car
BOX 627.280851 1973.568099 625.824201 1974.931256 622.437149 1971.311901 623.893799 1969.948744 0.534000 2.126000 c69ecef782944697a5ede6e1b27d37b5 vehicle.car
BOX 600.132538 2000.641200 598.685353 2002.198611 595.321462 1999.072800 596.768647 1997.515389 1.006500 2.647500 51032ace999a4c238581fab3ec731adb vehicle.car
BOX 657.570570 1931.871437 656.122837 1933.264330 652.913430 1929.928563 654.361163 1928.535670 0.045000 1.835000 6cec69655616451d81cc0e2ecd3ed277 vehicle.car
BOX 635.350246 1953.150100 633.920055 1954.548155 630.615754 1951.167900 632.045945 1949.769845 0.232000 2.150000 2d98a4954887471f8ddc9c16acd54086 vehicle.car
ENDFRAME

FRAME 1542800373.947765 645.821314 1969.682367 -0.745152
BOX 660.479431 1941.241497 659.045776 1942.797802 655.798569 1939.806503 657.232224 1938.250198 0.253000 1.835000 7bb459d7b0c84f9f830093fe3fd142ce vehicle.car
BOX 684.234688 1913.962285 682.670828 1915.290836 679.511312 1911.571715 681.075172 1910.243164 0.122500 1.733500 4d88977115ad461cbb7a0ec65792b816 vehicle.car
BOX 633.159687 1969.185748 631.561449 1970.748073 628.138313 1967.246252 629.736551 1965.683927 0.502500 2.161500 124d05dc4d28496eac0f8f955c247ace vehicle.car
BOX 670.481047 1931.230228 669.125985 1932.701217 665.552953 1929.409772 666.908015 1927.938783 0.115500 1.834500 0915c23aa6d345e08735185a61ddbdc9 vehicle.car
BOX 661.026219 1952.305125 662.598963 1950.833326 665.729781 1954.178875 664.157037 1955.650674 -0.247000 1.403000 ed634e83a0664c59b8d5e7cc84f8ae3e vehicle.car
BOX 641.681976 1951.853868 640.120208 1953.380543 636.804024 1949.988132 638.365792 1948.461457 0.190000 1.804000 1ab61111f3da4b92bb304cda7823b5ad vehicle.car
BOX 646.783559 1955.322264 645.351983 1956.771387 641.892441 1953.353736 643.324017 1951.904613 0.266500 1.881500 38fdf31a4697470e86d0fda3719e426a vehicle.car
BOX 657.534149 1937.102368 655.933613 1938.613224 652.701851 1935.189632 654.302387 1933.678776 0.251500 1.938500 cecaf6c9a8804724bd10a3ea8e9e1c92 vehicle.car
BOX 624.141851 1976.447099 622.685201 1977.810256 619.298149 1974.190901 620.754799 1972.827744 0.693000 2.285000 c69ecef782944697a5ede6e1b27d37b5 vehicle.car
BOX 599.071538 2002.951200 597.624353 2004.508611 594.260462 2001.382800 595.707647 1999.825389 1.152500 2.793500 51032ace999a4c238581fab3ec731adb vehicle.car
BOX 653.565570 1935.425437 652.117837 1936.818330 648.908430 1933.482563 650.356163 1932.089670 0.159000 1.949000 6cec69655616451d81cc0e2ecd3ed277 vehicle.car
BOX 631.044246 1957.202100 629.614055 1958.600155 626.309754 1955.219900 627.739945 1953.821845 0.332000 2.250000 2d98a4954887471f8ddc9c16acd54086 vehicle.car
ENDFRAME

FRAME 1542800374.447637 650.316483 1965.502417 -0.743372
BOX 657.873431 1943.893497 656.439776 1945.449802 653.192569 1942.458503 654.626224 1940.902198 0.253000 1.835000 7bb459d7b0c84f9f830093fe3fd142ce vehicle.car
BOX 609.744159 1991.047816 608.183097 1992.508683 604.869841 1988.968184 606.430903 1987.507317 1.029500 2.642500 ba1b0f1e89224a1ebba624bcba1b6833 vehicle.car
BOX 679.110688 1918.565285 677.546828 1919.893836 674.387312 1916.174715 675.951172 1914.846164 0.237500 1.848500 4d88977115ad461cbb7a0ec65792b816 vehicle.car
BOX 630.149687 1972.117748 628.551449 1973.680073 625.128313 1970.178252 626.726551 1968.615927 0.702500 2.361500 124d05dc4d28496eac0f8f955c247ace vehicle.car
BOX 687.963567 1914.797831 686.533766 1916.308483 682.740433 1912.718169 684.170234 1911.207517 0.102500 1.753500 c3cd792e55e44edf935bc90b489bc587 vehicle.car
BOX 667.659047 1934.339228 666.303985 1935.810217 662.730953 1932.518772 664.086015 1931.047783 0.165500 1.884500 0915c23aa6d345e08735185a61ddbdc9 vehicle.car
BOX 665.492219 1948.228125 667.064963 1946.756326 670.195781 1950.101875 668.623037 1951.573674 -0.231000 1.419000 ed634e83a0664c59b8d5e7cc84f8ae3e vehicle.car
BOX 636.338976 1956.646868 634.777208 1958.173543 631.461024 1954.781132 633.022792 1953.254457 0.277000 1.891000 1ab61111f3da4b92bb304cda7823b5ad vehicle.car
BOX 644.117559 1958.087264 642.685983 1959.536387 639.226441 1956.118736 640.658017 1954.669613 0.316500 1.931500 38fdf31a4697470e86d0fda3719e426a vehicle.car
BOX 652.684149 1941.599368 651.083613 1943.110224 647.851851 1939.686632 649.452387 1938.175776 0.301500 1.988500 cecaf6c9a8804724bd10a3ea8e9e1c92 vehicle.car
BOX 620.931851 1979.277099 619.475201 1980.640256 616.088149 1977.020901 617.544799 1975.657744 0.851000 2.443000 c69ecef782944697a5ede6e1b27d37b5 vehicle.car
BOX 649.819570 1939.082437 648.371837 1940.475330 645.162430 1937.139563 646.610163 1935.746670 0.173000 1.963000 6cec69655616451d81cc0e2ecd3ed277 vehicle.car
BOX 627.018246 1960.982100 625.588055 1962.380155 622.283754 1958.999900 623.713945 1957.601845 0.432000 2.350000 2d98a4954887471f8ddc9c16acd54086 vehicle.car
ENDFRAME

FRAME 1542800374.947539 654.827835 1961.305548 -0.742442
BOX 655.268431 1946.545497 653.834776 1948.101802 650.587569 1945.110503 652.021224 1943.554198 0.253000 1.835000 7bb459d7b0c84f9f830093fe3fd142ce vehicle.car
BOX 607.183159 1993.265816 605.622097 1994.726683 602.308841 1991.186184 603.869903 1989.725317 1.104500 2.717500 ba1b0f1e89224a1ebba624bcba1b6833 vehicle.car
BOX 673.986688 1923.168285 672.422828 1924.496836 669.263312 1920.777715 670.827172 1919.449164 0.352500 1.963500 4d88977115ad461cbb7a0ec65792b816 vehicle.car
BOX 656.104238 1932.794382 654.736976 1934.130922 651.513762 1930.833618 652.881024 1929.497078 0.314500 2.077500 4584401b5f6c4116a095100e0b15fb92 vehicle.car
BOX 627.357687 1974.743748 625.759449 1976.306073 622.336313 1972.804252 623.934551 1971.241927 0.827500 2.486500 124d05dc4d28496eac0f8f955c247ace vehicle.car
BOX 685.929567 1916.700831 684.499766 1918.211483 680.706433 1914.621169 682.136234 1913.110517 0.152500 1.803500 c3cd792e55e44edf935bc90b489bc587 vehicle.car
BOX 665.070047 1937.392228 663.714985 1938.863217 660.141953 1935.571772 661.497015 1934.100783 0.215500 1.934500 0915c23aa6d345e08735185a61ddbdc9 vehicle.car
BOX 670.167219 1943.956125 671.739963 1942.484326 674.870781 1945.829875 673.298037 1947.301674 -0.165000 1.485000 ed634e83a0664c59b8d5e7cc84f8ae3e vehicle.car
BOX 630.530976 1962.074868 628.969208 1963.601543 625.653024 1960.209132 627.214792 1958.682457 0.263000 1.877000 1ab61111f3da4b92bb304cda7823b5ad vehicle.car
BOX 641.452559 1960.853264 640.020983 1962.302387 636.561441 1958.884736 637.993017 1957.435613 0.416500 2.031500 38fdf31a4697470e86d0fda3719e426a vehicle.car
BOX 647.456149 1946.451368 645.855613 1947.962224 642.623851 1944.538632 644.224387 1943.027776 0.351500 2.038500 cecaf6c9a8804724bd10a3ea8e9e1c92 vehicle.car
BOX 617.766851 1982.137099 616.310201 1983.500256 612.923149 1979.880901 614.379799 1978.517744 0.827000 2.419000 c69ecef782944697a5ede6e1b27d37b5 vehicle.car
BOX 645.100821 1944.093946 643.128026 1944.473632 642.253179 1939.928054 644.225974 1939.548368 0.173000 1.963000 6cec69655616451d81cc0e2ecd3ed277 vehicle.car
BOX 622.806246 1964.852100 621.376055 1966.250155 618.071754 1962.869900 619.501945 1961.471845 0.532000 2.450000 2d98a4954887471f8ddc9c16acd54086 vehicle.car
ENDFRAME

FRAME 1542800375.447384 659.460944 1957.013447 -0.741507
BOX 652.545431 1949.323497 651.111776 1950.879802 647.864569 1947.888503 649.298224 1946.332198 0.303000 1.885000 7bb459d7b0c84f9f830093fe3fd142ce vehicle.car
BOX 641.963954 1946.718974 640.533764 1948.117028 636.954046 1944.455026 638.384236 1943.056972 0.402500 2.097500 c971dceec3e74359abd14a68e1a34436 vehicle.car
BOX 604.661159 1995.719816 603.100097 1997.180683 599.786841 1993.640184 601.347903 1992.179317 1.229500 2.842500 ba1b0f1e89224a1ebba624bcba1b6833 vehicle.car
BOX 694.117243 1909.579779 692.697066 1911.080263 689.216757 1907.786221 690.636934 1906.285737 0.252000 1.788000 c53868c75b9c411b948bec97173496ce vehicle.car
BOX 668.289688 1928.018285 666.725828 1929.346836 663.566312 1925.627715 665.130172 1924.299164 0.352500 1.963500 4d88977115ad461cbb7a0ec65792b816 vehicle.car
BOX 652.151238 1936.600382 650.783976 1937.936922 647.560762 1934.639618 648.928024 1933.303078 0.402500 2.165500 4584401b5f6c4116a095100e0b15fb92 vehicle.car
BOX 624.565687 1977.368748 622.967449 1978.931073 619.544313 1975.429252 621.142551 1973.866927 0.952500 2.611500 124d05dc4d28496eac0f8f955c247ace vehicle.car
BOX 662.342047 1940.315228 660.986985 1941.786217 657.413953 1938.494772 658.769015 1937.023783 0.227500 1.946500 0915c23aa6d345e08735185a61ddbdc9 vehicle.car
BOX 674.841219 1939.685125 676.413963 1938.213326 679.544781 1941.558875 677.972037 1943.030674 -0.050000 1.600000 ed634e83a0664c59b8d5e7cc84f8ae3e vehicle.car
BOX 638.677559 1963.730264 637.245983 1965.179387 633.786441 1961.761736 635.218017 1960.312613 0.516500 2.131500 38fdf31a4697470e86d0fda3719e426a vehicle.car
BOX 642.088149 1951.437368 640.487613 1952.948224 637.255851 1949.524632 638.856387 1948.013776 0.351500 2.038500 cecaf6c9a8804724bd10a3ea8e9e1c92 vehicle.car
BOX 614.733851 1985.046099 613.277201 1986.409256 609.890149 1982.789901 611.346799 1981.426744 0.953000 2.545000 c69ecef782944697a5ede6e1b27d37b5 vehicle.car
ENDFRAME

FRAME 1542800375.947245 664.064613 1952.735647 -0.744680
BOX 649.823431 1952.102497 648.389776 1953.658802 645.142569 1950.667503 646.576224 1949.111198 0.453000 2.035000 7bb459d7b0c84f9f830093fe3fd142ce vehicle.car
BOX 691.252243 1911.806779 689.832066 1913.307263 686.351757 1910.013221 687.771934 1908.512737 0.102000 1.638000 c53868c75b9c411b948bec97173496ce vehicle.car
BOX 662.090688 1933.584285 660.526828 1934.912836 657.367312 1931.193715 658.931172 1929.865164 0.352500 1.963500 4d88977115ad461cbb7a0ec65792b816 vehicle.car
BOX 648.197238 1940.405382 646.829976 1941.741922 643.606762 1938.444618 644.974024 1937.108078 0.489500 2.252500 4584401b5f6c4116a095100e0b15fb92 vehicle.car
BOX 621.773687 1979.993748 620.175449 1981.556073 616.752313 1978.054252 618.350551 1976.491927 1.077500 2.736500 124d05dc4d28496eac0f8f955c247ace vehicle.car
BOX 681.209567 1920.778831 679.779766 1922.289483 675.986433 1918.699169 677.416234 1917.188517 0.252500 1.903500 c3cd792e55e44edf935bc90b489bc587 vehicle.car
BOX 659.510047 1943.351228 658.154985 1944.822217 654.581953 1941.530772 655.937015 1940.059783 0.277500 1.996500 0915c23aa6d345e08735185a61ddbdc9 vehicle.car
BOX 725.996700 1875.172368 723.601477 1876.842490 716.335300 1866.421632 718.730523 1864.751510 -0.163000 4.301000 00d5f1e688a64d5ca65a739fbc60dae6 vehicle.bus.rigid
BOX 679.701219 1935.237125 681.273963 1933.765326 684.404781 1937.110875 682.832037 1938.582674 -0.179000 1.471000 ed634e83a0664c59b8d5e7cc84f8ae3e vehicle.car
BOX 635.901559 1966.606264 634.469983 1968.055387 631.010441 1964.637736 632.442017 1963.188613 0.616500 2.231500 38fdf31a4697470e86d0fda3719e426a vehicle.car
BOX 636.443149 1956.684368 634.842613 1958.195224 631.610851 1954.771632 633.211387 1953.260776 0.351500 2.038500 cecaf6c9a8804724bd10a3ea8e9e1c92 vehicle.car
BOX 614.972246 1972.335100 613.542055 1973.733155 610.237754 1970.352900 611.667945 1968.954845 0.882000 2.800000 2d98a4954887471f8ddc9c16acd54086 vehicle.car
ENDFRAME

FRAME 1542800376.447154 668.698540 1948.440471 -0.742927
BOX 646.747431 1955.264497 645.313776 1956.820802 642.066569 1953.829503 643.500224 1952.273198 0.603000 2.185000 7bb459d7b0c84f9f830093fe3fd142ce vehicle.car
BOX 633.117954 1955.070974 631.687764 1956.469028 628.108046 1952.807026 629.538236 1951.408972 0.552500 2.247500 c971dceec3e74359abd14a68e1a34436 vehicle.car
BOX 688.489243 1914.404779 687.069066 1915.905263 683.588757 1912.611221 685.008934 1911.110737 0.052000 1.588000 c53868c75b9c411b948bec97173496ce vehicle.car
BOX 656.232688 1939.035285 654.668828 1940.363836 651.509312 1936.644715 653.073172 1935.316164 0.414500 2.025500 4d88977115ad461cbb7a0ec65792b816 vehicle.car
BOX 618.981687 1982.618748 617.383449 1984.181073 613.960313 1980.679252 615.558551 1979.116927 1.202500 2.861500 124d05dc4d28496eac0f8f955c247ace vehicle.car
BOX 678.336567 1923.569831 676.906766 1925.080483 673.113433 1921.490169 674.543234 1919.979517 0.252500 1.903500 c3cd792e55e44edf935bc90b489bc587 vehicle.car
BOX 656.594047 1946.309228 655.238985 1947.780217 651.665953 1944.488772 653.021015 1943.017783 0.327500 2.046500 0915c23aa6d345e08735185a61ddbdc9 vehicle.car
BOX 684.562219 1930.788125 686.134963 1929.316326 689.265781 1932.661875 687.693037 1934.133674 -0.233000 1.417000 ed634e83a0664c59b8d5e7cc84f8ae3e vehicle.car
BOX 614.916976 1976.092868 613.355208 1977.619543 610.039024 1974.227132 611.600792 1972.700457 1.322000 2.936000 1ab61111f3da4b92bb304cda7823b5ad vehicle.car
BOX 633.126559 1969.483264 631.694983 1970.932387 628.235441 1967.514736 629.667017 1966.065613 0.716500 2.331500 38fdf31a4697470e86d0fda3719e426a vehicle.car
BOX 610.682246 1976.441100 609.252055 1977.839155 605.947754 1974.458900 607.377945 1973.060845 1.057000 2.975000 2d98a4954887471f8ddc9c16acd54086 vehicle.car
ENDFRAME

FRAME 1542800376.947003 673.367001 1944.103031 -0.746612
BOX 643.460431 1958.656497 642.026776 1960.212802 638.779569 1957.221503 640.213224 1955.665198 0.753000 2.335000 7bb459d7b0c84f9f830093fe3fd142ce vehicle.car
BOX 685.205590 1917.344060 683.590407 1918.632290 680.602410 1914.885940 682.217593 1913.597710 0.352000 1.888000 c53868c75b9c411b948bec97173496ce vehicle.car
BOX 650.835688 1944.095285 649.271828 1945.423836 646.112312 1941.704715 647.676172 1940.376164 0.527500 2.138500 4d88977115ad461cbb7a0ec65792b816 vehicle.car
BOX 675.411567 1926.310831 673.981766 1927.821483 670.188433 1924.231169 671.618234 1922.720517 0.252500 1.903500 c3cd792e55e44edf935bc90b489bc587 vehicle.car
BOX 653.296047 1949.824228 651.940985 1951.295217 648.367953 1948.003772 649.723015 1946.532783 0.477500 2.196500 0915c23aa6d345e08735185a61ddbdc9 vehicle.car
BOX 721.264700 1878.409368 718.869477 1880.079490 711.603300 1869.658632 713.998523 1867.988510 0.036000 4.500000 00d5f1e688a64d5ca65a739fbc60dae6 vehicle.bus.rigid
BOX 689.422219 1926.341125 690.994963 1924.869326 694.125781 1928.214875 692.553037 1929.686674 -0.218000 1.432000 ed634e83a0664c59b8d5e7cc84f8ae3e vehicle.car
BOX 610.029976 1981.600868 608.468208 1983.127543 605.152024 1979.735132 606.713792 1978.208457 1.325000 2.939000 1ab61111f3da4b92bb304cda7823b5ad vehicle.car
BOX 630.351559 1972.360264 628.919983 1973.809387 625.460441 1970.391736 626.892017 1968.942613 0.891500 2.506500 38fdf31a4697470e86d0fda3719e426a vehicle.car
BOX 606.393246 1980.546100 604.963055 1981.944155 601.658754 1978.563900 603.088945 1977.165845 1.232000 3.150000 2d98a4954887471f8ddc9c16acd54086 vehicle.car
ENDFRAME

FRAME 1542800377.447456 678.095890 1939.680805 -0.748868
BOX 641.118431 1961.110497 639.684776 1962.666802 636.437569 1959.675503 637.871224 1958.119198 0.953000 2.535000 7bb459d7b0c84f9f830093fe3fd142ce vehicle.car
BOX 681.757082 1920.324987 680.187841 1921.668802 677.070918 1918.029013 678.640159 1916.685198 0.238000 1.774000 c53868c75b9c411b948bec97173496ce vehicle.car
BOX 645.416314 1948.897630 643.948938 1950.332034 640.537686 1946.842370 642.005062 1945.407966 0.640500 2.251500 4d88977115ad461cbb7a0ec65792b816 vehicle.car
BOX 672.343567 1929.438831 670.913766 1930.949483 667.120433 1927.359169 668.550234 1925.848517 0.387500 2.038500 c3cd792e55e44edf935bc90b489bc587 vehicle.car
BOX 650.165047 1953.045228 648.809985 1954.516217 645.236953 1951.224772 646.592015 1949.753783 0.677500 2.396500 0915c23aa6d345e08735185a61ddbdc9 vehicle.car
BOX 699.431576 1905.215676 697.957094 1906.773536 694.342424 1903.352324 695.816906 1901.794464 0.252500 1.931500 d3c398e8b4424c2cada643a82aff7b30 vehicle.car
BOX 694.288219 1921.887125 695.860963 1920.415326 698.991781 1923.760875 697.419037 1925.232674 -0.201000 1.449000 ed634e83a0664c59b8d5e7cc84f8ae3e vehicle.car
BOX 710.519525 1896.493108 708.977281 1897.828430 705.810475 1894.170892 707.352719 1892.835570 0.202000 1.768000 26a45222f5314dffa21fd17663e5ebb5 vehicle.car
ENDFRAME

FRAME 1542800377.898133 682.345178 1935.674272 -0.748858
BOX 638.890431 1963.540497 637.456776 1965.096802 634.209569 1962.105503 635.643224 1960.549198 1.133000 2.715000 7bb459d7b0c84f9f830093fe3fd142ce vehicle.car
BOX 678.419082 1923.296987 676.849841 1924.640802 673.732918 1921.001013 675.302159 1919.657198 0.265000 1.801000 c53868c75b9c411b948bec97173496ce vehicle.car
BOX 640.256314 1953.765630 638.788938 1955.200034 635.377686 1951.710370 636.845062 1950.275966 0.842500 2.453500 4d88977115ad461cbb7a0ec65792b816 vehicle.car
BOX 669.579567 1932.362831 668.149766 1933.873483 664.356433 1930.283169 665.786234 1928.772517 0.392500 2.043500 c3cd792e55e44edf935bc90b489bc587 vehicle.car
BOX 647.474047 1955.806228 646.118985 1957.277217 642.545953 1953.985772 643.901015 1952.514783 0.757500 2.476500 0915c23aa6d345e08735185a61ddbdc9 vehicle.car
BOX 697.035576 1907.362676 695.561094 1908.920536 691.946424 1905.499324 693.420906 1903.941464 0.252500 1.931500 d3c398e8b4424c2cada643a82aff7b30 vehicle.car
BOX 717.840700 1881.383368 715.445477 1883.053490 708.179300 1872.632632 710.574523 1870.962510 0.036000 4.500000 00d5f1e688a64d5ca65a739fbc60dae6 vehicle.bus.rigid
BOX 698.670219 1917.877125 700.242963 1916.405326 703.373781 1919.750875 701.801037 1921.222674 -0.150000 1.500000 ed634e83a0664c59b8d5e7cc84f8ae3e vehicle.car
BOX 708.899525 1897.824108 707.357281 1899.159430 704.190475 1895.501892 705.732719 1894.166570 0.202000 1.768000 26a45222f5314dffa21fd17663e5ebb5 vehicle.car
ENDFRAME

FRAME 1542800378.397983 687.135778 1931.195949 -0.747600
BOX 674.764082 1926.755987 673.194841 1928.099802 670.077918 1924.460013 671.647159 1923.116198 0.363000 1.899000 c53868c75b9c411b948bec97173496ce vehicle.car
BOX 608.084687 1992.863748 606.486449 1994.426073 603.063313 1990.924252 604.661551 1989.361927 1.689500 3.348500 124d05dc4d28496eac0f8f955c247ace vehicle.car
BOX 666.513567 1935.605831 665.083766 1937.116483 661.290433 1933.526169 662.720234 1932.015517 0.496500 2.147500 c3cd792e55e44edf935bc90b489bc587 vehicle.car
BOX 644.489047 1958.868228 643.133985 1960.339217 639.560953 1957.047772 640.916015 1955.576783 0.846500 2.565500 0915c23aa6d345e08735185a61ddbdc9 vehicle.car
BOX 693.983502 1910.320265 692.283470 1911.628285 689.248498 1907.683735 690.948530 1906.375715 0.252500 1.931500 d3c398e8b4424c2cada643a82aff7b30 vehicle.car
BOX 716.177700 1882.179368 713.782477 1883.849490 706.516300 1873.428632 708.911523 1871.758510 0.036000 4.500000 00d5f1e688a64d5ca65a739fbc60dae6 vehicle.bus.rigid
BOX 703.715219 1913.374125 705.287963 1911.902326 708.418781 1915.247875 706.846037 1916.719674 -0.137000 1.513000 ed634e83a0664c59b8d5e7cc84f8ae3e vehicle.car
BOX 708.971683 1892.663858 707.417343 1894.009652 704.226317 1890.324142 705.780657 1888.978348 0.183000 1.779000 041b9e3abcab4e5c8c3eded8054415cb vehicle.car
BOX 707.102525 1899.301108 705.560281 1900.636430 702.393475 1896.978892 703.935719 1895.643570 0.202000 1.768000 26a45222f5314dffa21fd17663e5ebb5 vehicle.car
BOX 717.781752 1885.806067 716.767603 1886.788537 715.302248 1885.275933 716.316397 1884.293463 0.202000 1.978000 75d6766444064eb6b75d60b2bd201f2a vehicle.motorcycle
ENDFRAME

FRAME 1542800378.897841 692.089175 1926.570529 -0.748088
BOX 671.109082 1930.213987 669.539841 1931.557802 666.422918 1927.918013 667.992159 1926.574198 0.461000 1.997000 c53868c75b9c411b948bec97173496ce vehicle.car
BOX 663.250567 1939.056831 661.820766 1940.567483 658.027433 1936.977169 659.457234 1935.466517 0.751500 2.402500 c3cd792e55e44edf935bc90b489bc587 vehicle.car
BOX 690.785502 1913.023265 689.085470 1914.331285 686.050498 1910.386735 687.750530 1909.078715 0.289500 1.968500 d3c398e8b4424c2cada643a82aff7b30 vehicle.car
BOX 715.079700 1883.141368 712.684477 1884.811490 705.418300 1874.390632 707.813523 1872.720510 0.036000 4.500000 00d5f1e688a64d5ca65a739fbc60dae6 vehicle.bus.rigid
BOX 708.759219 1908.872125 710.331963 1907.400326 713.462781 1910.745875 711.890037 1912.217674 -0.158000 1.492000 ed634e83a0664c59b8d5e7cc84f8ae3e vehicle.car
BOX 690.595175 1907.490044 689.131555 1908.757290 686.068825 1905.219956 687.532445 1903.952710 0.253500 2.016500 001e8066b25640af889db54db4c12c45 vehicle.car
BOX 741.463563 1870.715416 740.120314 1872.420972 736.554437 1869.612584 737.897686 1867.907028 0.302500 2.061500 9fa1ed5c2b73464891faabd933a37ddb vehicle.car
BOX 703.412683 1897.274858 701.858343 1898.620652 698.667317 1894.935142 700.221657 1893.589348 0.183000 1.779000 041b9e3abcab4e5c8c3eded8054415cb vehicle.car
BOX 704.558525 1901.338108 703.016281 1902.673430 699.849475 1899.015892 701.391719 1897.680570 0.202000 1.768000 26a45222f5314dffa21fd17663e5ebb5 vehicle.car
BOX 712.391752 1889.482067 711.377603 1890.464537 709.912248 1888.951933 710.926397 1887.969463 0.152000 1.928000 75d6766444064eb6b75d60b2bd201f2a vehicle.motorcycle
ENDFRAME

FRAME 1542800379.397716 697.134687 1921.843914 -0.747478
BOX 667.453082 1933.672987 665.883841 1935.016802 662.766918 1931.377013 664.336159 1930.033198 0.559000 2.095000 c53868c75b9c411b948bec97173496ce vehicle.car
BOX 687.405502 1915.866265 685.705470 1917.174285 682.670498 1913.229735 684.370530 1911.921715 0.426500 2.105500 d3c398e8b4424c2cada643a82aff7b30 vehicle.car
BOX 713.865700 1883.938368 711.470477 1885.608490 704.204300 1875.187632 706.599523 1873.517510 0.036000 4.500000 00d5f1e688a64d5ca65a739fbc60dae6 vehicle.bus.rigid
BOX 713.804219 1904.369125 715.376963 1902.897326 718.507781 1906.242875 716.935037 1907.714674 -0.154000 1.496000 ed634e83a0664c59b8d5e7cc84f8ae3e vehicle.car
BOX 685.528175 1911.828044 684.064555 1913.095290 681.001825 1909.557956 682.465445 1908.290710 0.403500 2.166500 001e8066b25640af889db54db4c12c45 vehicle.car
BOX 737.622563 1874.061416 736.279314 1875.766972 732.713437 1872.958584 734.056686 1871.253028 0.352500 2.111500 9fa1ed5c2b73464891faabd933a37ddb vehicle.car
BOX 697.852683 1901.885858 696.298343 1903.231652 693.107317 1899.546142 694.661657 1898.200348 0.183000 1.779000 041b9e3abcab4e5c8c3eded8054415cb vehicle.car
BOX 701.899525 1903.649108 700.357281 1904.984430 697.190475 1901.326892 698.732719 1899.991570 0.202000 1.768000 26a45222f5314dffa21fd17663e5ebb5 vehicle.car
BOX 707.487752 1893.534067 706.473603 1894.516537 705.008248 1893.003933 706.022397 1892.021463 0.002000 1.778000 75d6766444064eb6b75d60b2bd201f2a vehicle.motorcycle
ENDFRAME

FRAME 1542800379.897591 702.280130 1917.069733 -0.737714
BOX 664.072082 1937.166987 662.502841 1938.510802 659.385918 1934.871013 660.955159 1933.527198 0.574000 2.110000 c53868c75b9c411b948bec97173496ce vehicle.car
BOX 718.340302 1886.839752 717.021183 1888.514670 713.193698 1885.500248 714.512817 1883.825330 0.302500 2.015500 70b3ed4902a64058815c73dcb5a0672c vehicle.car
BOX 657.036567 1946.256831 655.606766 1947.767483 651.813433 1944.177169 653.243234 1942.666517 0.810500 2.461500 c3cd792e55e44edf935bc90b489bc587 vehicle.car
BOX 739.755447 1868.613530 738.187634 1869.887249 735.226553 1866.242470 736.794366 1864.968751 0.152000 1.678000 507b9edf6b09488dbe6d43212d473c9e vehicle.car
BOX 683.649502 1919.053265 681.949470 1920.361285 678.914498 1916.416735 680.614530 1915.108715 0.413500 2.092500 d3c398e8b4424c2cada643a82aff7b30 vehicle.car
BOX 713.595700 1884.185368 711.200477 1885.855490 703.934300 1875.434632 706.329523 1873.764510 0.086000 4.550000 00d5f1e688a64d5ca65a739fbc60dae6 vehicle.bus.rigid
BOX 718.848219 1899.866125 720.420963 1898.394326 723.551781 1901.739875 721.979037 1903.211674 -0.150000 1.500000 ed634e83a0664c59b8d5e7cc84f8ae3e vehicle.car
BOX 680.545175 1916.262044 679.081555 1917.529290 676.018825 1913.991956 677.482445 1912.724710 0.403500 2.166500 001e8066b25640af889db54db4c12c45 vehicle.car
BOX 733.752521 1877.907269 732.133512 1879.353661 729.109479 1875.968731 730.728488 1874.522339 0.302500 2.061500 9fa1ed5c2b73464891faabd933a37ddb vehicle.car
BOX 692.634683 1906.377858 691.080343 1907.723652 687.889317 1904.038142 689.443657 1902.692348 0.183000 1.779000 041b9e3abcab4e5c8c3eded8054415cb vehicle.car
BOX 698.908525 1905.984108 697.366281 1907.319430 694.199475 1903.661892 695.741719 1902.326570 0.202000 1.768000 26a45222f5314dffa21fd17663e5ebb5 vehicle.car
BOX 702.603752 1897.607067 701.589603 1898.589537 700.124248 1897.076933 701.138397 1896.094463 0.198000 1.974000 75d6766444064eb6b75d60b2bd201f2a vehicle.motorcycle
ENDFRAME

FRAME 1542800380.398024 707.568325 1912.284827 -0.729969
BOX 660.688082 1940.664987 659.118841 1942.008802 656.001918 1938.369013 657.571159 1937.025198 0.736000 2.272000 c53868c75b9c411b948bec97173496ce vehicle.car
BOX 758.420983 1856.523905 756.840864 1858.054665 753.469017 1854.574095 755.049136 1853.043335 0.343000 2.107000 b8ee9c66f6e048fd99feefcdce46f30b vehicle.car
BOX 714.237820 1889.216136 712.599292 1890.580193 709.482180 1886.835864 711.120708 1885.471807 0.202500 1.915500 70b3ed4902a64058815c73dcb5a0672c vehicle.car
BOX 679.890502 1922.245265 678.190470 1923.553285 675.155498 1919.608735 676.855530 1918.300715 0.600500 2.279500 d3c398e8b4424c2cada643a82aff7b30 vehicle.car
BOX 713.325700 1884.432368 710.930477 1886.102490 703.664300 1875.681632 706.059523 1874.011510 0.137000 4.601000 00d5f1e688a64d5ca65a739fbc60dae6 vehicle.bus.rigid
BOX 724.211219 1895.335125 725.783963 1893.863326 728.914781 1897.208875 727.342037 1898.680674 -0.107000 1.543000 ed634e83a0664c59b8d5e7cc84f8ae3e vehicle.car
BOX 675.595409 1920.622369 674.176907 1921.939922 670.992591 1918.511631 672.411093 1917.194078 0.403500 2.166500 001e8066b25640af889db54db4c12c45 vehicle.car
BOX 729.887521 1881.215269 728.268512 1882.661661 725.244479 1879.276731 726.863488 1877.830339 0.251500 2.010500 9fa1ed5c2b73464891faabd933a37ddb vehicle.car
BOX 687.410683 1910.875858 685.856343 1912.221652 682.665317 1908.536142 684.219657 1907.190348 0.383000 1.979000 041b9e3abcab4e5c8c3eded8054415cb vehicle.car
BOX 695.883525 1908.612108 694.341281 1909.947430 691.174475 1906.289892 692.716719 1904.954570 0.239000 1.805000 26a45222f5314dffa21fd17663e5ebb5 vehicle.car
BOX 697.323752 1902.062067 696.309603 1903.044537 694.844248 1901.531933 695.858397 1900.549463 0.244000 2.020000 75d6766444064eb6b75d60b2bd201f2a vehicle.motorcycle
ENDFRAME

FRAME 1542800380.947696 713.411109 1907.041434 -0.718166
BOX 753.647983 1860.855905 752.067864 1862.386665 748.696017 1858.906095 750.276136 1857.375335 0.371000 2.135000 b8ee9c66f6e048fd99feefcdce46f30b vehicle.car
BOX 708.678820 1893.623136 707.040292 1894.987193 703.923180 1891.242864 705.561708 1889.878807 0.242500 1.955500 70b3ed4902a64058815c73dcb5a0672c vehicle.car
BOX 675.760502 1925.750265 674.060470 1927.058285 671.025498 1923.113735 672.725530 1921.805715 0.691500 2.370500 d3c398e8b4424c2cada643a82aff7b30 vehicle.car
BOX 713.438700 1884.418368 711.043477 1886.088490 703.777300 1875.667632 706.172523 1873.997510 0.093000 4.557000 00d5f1e688a64d5ca65a739fbc60dae6 vehicle.bus.rigid
BOX 730.101219 1890.359125 731.673963 1888.887326 734.804781 1892.232875 733.232037 1893.704674 -0.060000 1.590000 ed634e83a0664c59b8d5e7cc84f8ae3e vehicle.car
BOX 670.118409 1925.407369 668.699907 1926.724922 665.515591 1923.296631 666.934093 1921.979078 0.603500 2.366500 001e8066b25640af889db54db4c12c45 vehicle.car
BOX 725.389280 1884.769698 723.720778 1886.158707 720.816720 1882.670302 722.485222 1881.281293 0.196500 1.955500 9fa1ed5c2b73464891faabd933a37ddb vehicle.car
BOX 681.547683 1915.568858 679.993343 1916.914652 676.802317 1913.229142 678.356657 1911.883348 0.553000 2.149000 041b9e3abcab4e5c8c3eded8054415cb vehicle.car
BOX 692.092525 1911.729108 690.550281 1913.064430 687.383475 1909.406892 688.925719 1908.071570 0.315000 1.881000 26a45222f5314dffa21fd17663e5ebb5 vehicle.car
BOX 691.629752 1906.974067 690.615603 1907.956537 689.150248 1906.443933 690.164397 1905.461463 0.373000 2.149000 75d6766444064eb6b75d60b2bd201f2a vehicle.motorcycle
ENDFRAME

FRAME 1542800381.448102 718.908632 1902.212638 -0.707930
BOX 767.520604 1849.103551 766.062414 1850.420710 762.931396 1846.954449 764.389586 1845.637290 0.240500 2.067500 22d4f74b6ed640778cca25be508ffeb7 vehicle.car
BOX 703.937820 1897.550136 702.299292 1898.914193 699.182180 1895.169864 700.820708 1893.805807 0.330500 2.043500 70b3ed4902a64058815c73dcb5a0672c vehicle.car
BOX 725.837447 1880.008530 724.269634 1881.282249 721.308553 1877.637470 722.876366 1876.363751 0.152000 1.678000 507b9edf6b09488dbe6d43212d473c9e vehicle.car
BOX 713.481700 1884.319368 711.086477 1885.989490 703.820300 1875.568632 706.215523 1873.898510 0.052000 4.516000 00d5f1e688a64d5ca65a739fbc60dae6 vehicle.bus.rigid
BOX 735.464219 1885.828125 737.036963 1884.356326 740.167781 1887.701875 738.595037 1889.173674 -0.017000 1.633000 ed634e83a0664c59b8d5e7cc84f8ae3e vehicle.car
BOX 665.659409 1930.330369 664.240907 1931.647922 661.056591 1928.219631 662.475093 1926.902078 0.785500 2.548500 001e8066b25640af889db54db4c12c45 vehicle.car
BOX 721.445280 1887.913698 719.776778 1889.302707 716.872720 1885.814302 718.541222 1884.425293 0.225500 1.984500 9fa1ed5c2b73464891faabd933a37ddb vehicle.car
BOX 688.727525 1914.667108 687.185281 1916.002430 684.018475 1912.344892 685.560719 1911.009570 0.485000 2.051000 26a45222f5314dffa21fd17663e5ebb5 vehicle.car
BOX 734.920154 1877.106695 733.340036 1878.637455 729.991846 1875.181305 731.571964 1873.650545 0.168500 2.087500 c67476b62e5d4e5998268350f81a7152 vehicle.car
BOX 686.362752 1911.527067 685.348603 1912.509537 683.883248 1910.996933 684.897397 1910.014463 0.490000 2.266000 75d6766444064eb6b75d60b2bd201f2a vehicle.motorcycle
ENDFRAME

FRAME 1542800381.897652 723.989055 1897.830312 -0.698647
BOX 763.458604 1852.477551 762.000414 1853.794710 758.869396 1850.328449 760.327586 1849.011290 0.185500 2.012500 22d4f74b6ed640778cca25be508ffeb7 vehicle.car
BOX 744.236983 1868.980905 742.656864 1870.511665 739.285017 1867.031095 740.865136 1865.500335 0.132000 1.896000 b8ee9c66f6e048fd99feefcdce46f30b vehicle.car
BOX 699.678820 1901.077136 698.040292 1902.441193 694.923180 1898.696864 696.561708 1897.332807 0.409500 2.122500 70b3ed4902a64058815c73dcb5a0672c vehicle.car
BOX 721.802447 1883.311530 720.234634 1884.585249 717.273553 1880.940470 718.841366 1879.666751 0.152000 1.678000 507b9edf6b09488dbe6d43212d473c9e vehicle.car
BOX 713.519700 1884.230368 711.124477 1885.900490 703.858300 1875.479632 706.253523 1873.809510 0.016000 4.480000 00d5f1e688a64d5ca65a739fbc60dae6 vehicle.bus.rigid
BOX 740.443219 1881.710125 742.015963 1880.238326 745.146781 1883.583875 743.574037 1885.055674 -0.038000 1.612000 ed634e83a0664c59b8d5e7cc84f8ae3e vehicle.car
BOX 718.079280 1890.590698 716.410778 1891.979707 713.506720 1888.491302 715.175222 1887.102293 0.251500 2.010500 9fa1ed5c2b73464891faabd933a37ddb vehicle.car
BOX 685.742525 1917.451108 684.200281 1918.786430 681.033475 1915.128892 682.575719 1913.793570 0.638000 2.204000 26a45222f5314dffa21fd17663e5ebb5 vehicle.car
BOX 732.048873 1879.163797 730.341353 1880.551015 727.307127 1876.816203 729.014647 1875.428985 0.179500 2.098500 c67476b62e5d4e5998268350f81a7152 vehicle.car
BOX 681.723752 1915.527067 680.709603 1916.509537 679.244248 1914.996933 680.258397 1914.014463 0.746000 2.522000 75d6766444064eb6b75d60b2bd201f2a vehicle.motorcycle
ENDFRAME

FRAME 1542800382.397543 729.683695 1892.976259 -0.689760
BOX 758.941604 1856.229551 757.483414 1857.546710 754.352396 1854.080449 755.810586 1852.763290 -0.042500 1.784500 22d4f74b6ed640778cca25be508ffeb7 vehicle.car
BOX 740.468076 1871.857044 738.646150 1873.090163 735.929924 1869.076956 737.751850 1867.843837 0.093000 1.857000 b8ee9c66f6e048fd99feefcdce46f30b vehicle.car
BOX 694.942820 1905.000136 693.304292 1906.364193 690.187180 1902.619864 691.825708 1901.255807 0.497500 2.210500 70b3ed4902a64058815c73dcb5a0672c vehicle.car
BOX 774.012498 1842.487797 772.536524 1843.917666 769.359502 1840.638203 770.835476 1839.208334 0.102000 1.614000 5f11c1742878473f974c54ef63c4fa33 vehicle.car
BOX 717.613447 1886.742530 716.045634 1888.016249 713.084553 1884.371470 714.652366 1883.097751 0.167000 1.693000 507b9edf6b09488dbe6d43212d473c9e vehicle.car
BOX 713.519700 1884.230368 711.124477 1885.900490 703.858300 1875.479632 706.253523 1873.809510 0.016000 4.480000 00d5f1e688a64d5ca65a739fbc60dae6 vehicle.bus.rigid
BOX 745.981219 1877.130125 747.553963 1875.658326 750.684781 1879.003875 749.112037 1880.475674 -0.062000 1.588000 ed634e83a0664c59b8d5e7cc84f8ae3e vehicle.car
BOX 714.232280 1893.653698 712.563778 1895.042707 709.659720 1891.554302 711.328222 1890.165293 0.230500 1.989500 9fa1ed5c2b73464891faabd933a37ddb vehicle.car
BOX 682.640525 1920.798108 681.098281 1922.133430 677.931475 1918.475892 679.473719 1917.140570 0.807000 2.373000 26a45222f5314dffa21fd17663e5ebb5 vehicle.car
BOX 727.780873 1882.430797 726.073353 1883.818015 723.039127 1880.083203 724.746647 1878.695985 0.100500 2.019500 c67476b62e5d4e5998268350f81a7152 vehicle.car
ENDFRAME

FRAME 1542800382.897959 735.344191 1888.273213 -0.681470
BOX 754.463604 1860.032551 753.005414 1861.349710 749.874396 1857.883449 751.332586 1856.566290 -0.070500 1.756500 22d4f74b6ed640778cca25be508ffeb7 vehicle.car
BOX 736.872592 1874.905991 735.165072 1876.293210 732.109408 1872.532009 733.816928 1871.144790 0.104000 1.868000 b8ee9c66f6e048fd99feefcdce46f30b vehicle.car
BOX 690.364820 1909.227136 688.726292 1910.591193 685.609180 1906.846864 687.247708 1905.482807 0.586500 2.299500 70b3ed4902a64058815c73dcb5a0672c vehicle.car
BOX 713.310447 1890.267530 711.742634 1891.541249 708.781553 1887.896470 710.349366 1886.622751 0.182000 1.708000 507b9edf6b09488dbe6d43212d473c9e vehicle.car
BOX 713.519700 1884.230368 711.124477 1885.900490 703.858300 1875.479632 706.253523 1873.809510 0.116000 4.580000 00d5f1e688a64d5ca65a739fbc60dae6 vehicle.bus.rigid
BOX 738.022321 1865.437515 736.492276 1866.725522 733.307679 1862.942485 734.837724 1861.654478 -0.006500 1.710500 6f69fb2ee577455692410bfbfe238f53 vehicle.car
BOX 751.524219 1872.546125 753.096963 1871.074326 756.227781 1874.419875 754.655037 1875.891674 0.067000 1.717000 ed634e83a0664c59b8d5e7cc84f8ae3e vehicle.car
BOX 710.381280 1896.720698 708.712778 1898.109707 705.808720 1894.621302 707.477222 1893.232293 0.259500 2.018500 9fa1ed5c2b73464891faabd933a37ddb vehicle.car
BOX 723.950873 1885.511797 722.243353 1886.899015 719.209127 1883.164203 720.916647 1881.776985 0.112500 2.031500 c67476b62e5d4e5998268350f81a7152 vehicle.car
BOX 789.348981 1835.261169 787.037228 1837.674623 782.471019 1833.300831 784.782772 1830.887377 -0.331500 2.599500 f8feea7f9f204b8d836bf0de2500d15b vehicle.construction
ENDFRAME

FRAME 1542800383.397856 741.069011 1883.588773 -0.678226
BOX 759.267665 1847.345533 757.783493 1848.686143 754.622335 1845.186467 756.106507 1843.845857 0.007000 1.609000 46b5bbeeb0b5461ea77c6a4a1e0ac6cb vehicle.car
BOX 782.053466 1835.075779 780.516441 1836.564791 777.270534 1833.214221 778.807559 1831.725209 0.102000 1.690000 9d593027666a4b4bacd18c3679cb8c00 vehicle.car
BOX 749.989604 1863.832551 748.531414 1865.149710 745.400396 1861.683449 746.858586 1860.366290 0.001500 1.828500 22d4f74b6ed640778cca25be508ffeb7 vehicle.car
BOX 732.856567 1878.378152 731.198500 1879.824117 728.013433 1876.171848 729.671500 1874.725883 0.116000 1.880000 b8ee9c66f6e048fd99feefcdce46f30b vehicle.car
BOX 765.886498 1849.579797 764.410524 1851.009666 761.233502 1847.730203 762.709476 1846.300334 0.152000 1.664000 5f11c1742878473f974c54ef63c4fa33 vehicle.car
BOX 709.011447 1893.788530 707.443634 1895.062249 704.482553 1891.417470 706.050366 1890.143751 0.297000 1.823000 507b9edf6b09488dbe6d43212d473c9e vehicle.car
BOX 713.519700 1884.230368 711.124477 1885.900490 703.858300 1875.479632 706.253523 1873.809510 0.166000 4.630000 00d5f1e688a64d5ca65a739fbc60dae6 vehicle.bus.rigid
BOX 733.328321 1869.053515 731.798276 1870.341522 728.613679 1866.558485 730.143724 1865.270478 0.032500 1.749500 6f69fb2ee577455692410bfbfe238f53 vehicle.car
BOX 757.215219 1867.935125 758.787963 1866.463326 761.918781 1869.808875 760.346037 1871.280674 -0.038000 1.612000 ed634e83a0664c59b8d5e7cc84f8ae3e vehicle.car
BOX 706.651280 1899.923698 704.982778 1901.312707 702.078720 1897.824302 703.747222 1896.435293 0.338500 2.097500 9fa1ed5c2b73464891faabd933a37ddb vehicle.car
BOX 720.292873 1888.794797 718.585353 1890.182015 715.551127 1886.447203 717.258647 1885.059985 0.123500 2.042500 c67476b62e5d4e5998268350f81a7152 vehicle.car
BOX 789.535981 1835.065169 787.224228 1837.478623 782.658019 1833.104831 784.969772 1830.691377 -0.315500 2.615500 f8feea7f9f204b8d836bf0de2500d15b vehicle.construction
ENDFRAME

FRAME 1542800383.897713 746.854121 1878.908072 -0.673215
BOX 755.128478 1850.638889 753.621145 1851.953403 750.521522 1848.399111 752.028855 1847.084597 -0.026000 1.576000 46b5bbeeb0b5461ea77c6a4a1e0ac6cb vehicle.car
BOX 777.881466 1839.042779 776.344441 1840.531791 773.098534 1837.181221 774.635559 1835.692209 0.152000 1.740000 9d593027666a4b4bacd18c3679cb8c00 vehicle.car
BOX 745.516604 1867.631551 744.058414 1868.948710 740.927396 1865.482449 742.385586 1864.165290 0.074500 1.901500 22d4f74b6ed640778cca25be508ffeb7 vehicle.car
BOX 746.602947 1862.344941 745.043207 1863.686008 741.653053 1859.743059 743.212793 1858.401992 -0.093500 1.613500 639197f3540e4a46957029a5bbc49909 vehicle.car
BOX 728.800567 1881.933152 727.142500 1883.379117 723.957433 1879.726848 725.615500 1878.280883 0.127000 1.891000 b8ee9c66f6e048fd99feefcdce46f30b vehicle.car
BOX 761.779498 1853.075797 760.303524 1854.505666 757.126502 1851.226203 758.602476 1849.796334 0.052000 1.564000 5f11c1742878473f974c54ef63c4fa33 vehicle.car
BOX 713.519700 1884.230368 711.124477 1885.900490 703.858300 1875.479632 706.253523 1873.809510 0.166000 4.630000 00d5f1e688a64d5ca65a739fbc60dae6 vehicle.bus.rigid
BOX 729.068321 1872.659515 727.538276 1873.947522 724.353679 1870.164485 725.883724 1868.876478 -0.006500 1.710500 6f69fb2ee577455692410bfbfe238f53 vehicle.car
BOX 762.906219 1863.325125 764.478963 1861.853326 767.609781 1865.198875 766.037037 1866.670674 -0.044000 1.606000 ed634e83a0664c59b8d5e7cc84f8ae3e vehicle.car
BOX 702.921280 1903.127698 701.252778 1904.516707 698.348720 1901.028302 700.017222 1899.639293 0.417500 2.176500 9fa1ed5c2b73464891faabd933a37ddb vehicle.car
BOX 716.633873 1892.077797 714.926353 1893.465015 711.892127 1889.730203 713.599647 1888.342985 0.184500 2.103500 c67476b62e5d4e5998268350f81a7152 vehicle.car
BOX 789.722981 1834.870169 787.411228 1837.283623 782.845019 1832.909831 785.156772 1830.496377 -0.299500 2.631500 f8feea7f9f204b8d836bf0de2500d15b vehicle.construction
ENDFRAME

FRAME 1542800384.397580 752.586687 1874.276657 -0.668531
BOX 750.654478 1854.570889 749.147145 1855.885403 746.047522 1852.331111 747.554855 1851.016597 -0.076000 1.526000 46b5bbeeb0b5461ea77c6a4a1e0ac6cb vehicle.car
BOX 772.977466 1843.550779 771.440441 1845.039791 768.194534 1841.689221 769.731559 1840.200209 0.152000 1.740000 9d593027666a4b4bacd18c3679cb8c00 vehicle.car
BOX 740.913222 1871.463169 739.388096 1872.702207 736.442778 1869.076831 737.967904 1867.837793 0.096500 1.923500 22d4f74b6ed640778cca25be508ffeb7 vehicle.car
BOX 741.824947 1866.263941 740.265207 1867.605008 736.875053 1863.662059 738.434793 1862.320992 -0.047500 1.659500 639197f3540e4a46957029a5bbc49909 vehicle.car
BOX 724.745567 1885.488152 723.087500 1886.934117 719.902433 1883.281848 721.560500 1881.835883 0.238000 2.002000 b8ee9c66f6e048fd99feefcdce46f30b vehicle.car
BOX 757.068910 1857.315290 755.520125 1858.665952 752.519090 1855.224710 754.067875 1853.874048 0.025000 1.537000 5f11c1742878473f974c54ef63c4fa33 vehicle.car
BOX 713.519700 1884.230368 711.124477 1885.900490 703.858300 1875.479632 706.253523 1873.809510 0.295000 4.759000 00d5f1e688a64d5ca65a739fbc60dae6 vehicle.bus.rigid
BOX 724.679321 1876.374515 723.149276 1877.662522 719.964679 1873.879485 721.494724 1872.591478 -0.006500 1.710500 6f69fb2ee577455692410bfbfe238f53 vehicle.car
BOX 768.597219 1858.715125 770.169963 1857.243326 773.300781 1860.588875 771.728037 1862.060674 -0.050000 1.600000 ed634e83a0664c59b8d5e7cc84f8ae3e vehicle.car
BOX 764.418021 1846.854152 762.889370 1848.168489 759.937979 1844.735848 761.466630 1843.421511 -0.055000 1.541000 29aa228a5e9a4af0a81d317a1830ad07 vehicle.car
BOX 699.191280 1906.330698 697.522778 1907.719707 694.618720 1904.231302 696.287222 1902.842293 0.546500 2.305500 9fa1ed5c2b73464891faabd933a37ddb vehicle.car
BOX 789.910981 1834.674169 787.599228 1837.087623 783.033019 1832.713831 785.344772 1830.300377 -0.283500 2.647500 f8feea7f9f204b8d836bf0de2500d15b vehicle.construction
ENDFRAME

FRAME 1542800384.947787 758.924741 1869.230161 -0.666698
BOX 745.729478 1858.899889 744.222145 1860.214403 741.122522 1856.660111 742.629855 1855.345597 0.119000 1.721000 46b5bbeeb0b5461ea77c6a4a1e0ac6cb vehicle.car
BOX 796.342024 1821.616183 794.764844 1822.972245 791.553976 1819.237817 793.131156 1817.881755 -0.387500 1.415500 303f4eb80cd2453d8199453162567af8 vehicle.car
BOX 767.773475 1848.185663 766.160628 1849.592192 763.094525 1846.076337 764.707372 1844.669808 0.052000 1.640000 9d593027666a4b4bacd18c3679cb8c00 vehicle.car
BOX 736.373222 1875.422169 734.848096 1876.661207 731.902778 1873.035831 733.427904 1871.796793 0.070500 1.897500 22d4f74b6ed640778cca25be508ffeb7 vehicle.car
BOX 799.150195 1814.424424 797.656234 1815.803253 794.383805 1812.257576 795.877766 1810.878747 -0.519000 1.163000 7c0268946c9048dd979f091b895a6753 vehicle.car
BOX 736.668947 1870.696941 735.109207 1872.038008 731.719053 1868.095059 733.278793 1866.753992 0.002500 1.709500 639197f3540e4a46957029a5bbc49909 vehicle.car
BOX 720.425567 1889.364152 718.767500 1890.810117 715.582433 1887.157848 717.240500 1885.711883 0.360000 2.124000 b8ee9c66f6e048fd99feefcdce46f30b vehicle.car
BOX 752.213910 1861.599290 750.665125 1862.949952 747.664090 1859.508710 749.212875 1858.158048 -0.006000 1.506000 5f11c1742878473f974c54ef63c4fa33 vehicle.car
BOX 713.519700 1884.230368 711.124477 1885.900490 703.858300 1875.479632 706.253523 1873.809510 0.216000 4.680000 00d5f1e688a64d5ca65a739fbc60dae6 vehicle.bus.rigid
BOX 774.874219 1853.386125 776.446963 1851.914326 779.577781 1855.259875 778.005037 1856.731674 -0.095000 1.555000 ed634e83a0664c59b8d5e7cc84f8ae3e vehicle.car
BOX 758.980021 1851.266152 757.451370 1852.580489 754.499979 1849.147848 756.028630 1847.833511 -0.055000 1.541000 29aa228a5e9a4af0a81d317a1830ad07 vehicle.car
BOX 790.116981 1834.459169 787.805228 1836.872623 783.239019 1832.498831 785.550772 1830.085377 -0.265500 2.665500 f8feea7f9f204b8d836bf0de2500d15b vehicle.construction
ENDFRAME

FRAME 1542800385.448218 764.678330 1864.620039 -0.668491
BOX 741.249478 1862.835889 739.742145 1864.150403 736.642522 1860.596111 738.149855 1859.281597 0.197000 1.799000 46b5bbeeb0b5461ea77c6a4a1e0ac6cb vehicle.car
BOX 791.943024 1826.378183 790.365844 1827.734245 787.154976 1823.999817 788.732156 1822.643755 -0.337500 1.465500 303f4eb80cd2453d8199453162567af8 vehicle.car
BOX 762.949475 1852.406663 761.336628 1853.813192 758.270525 1850.297337 759.883372 1848.890808 -0.039000 1.549000 9d593027666a4b4bacd18c3679cb8c00 vehicle.car
BOX 732.243222 1879.023169 730.718096 1880.262207 727.772778 1876.636831 729.297904 1875.397793 0.046500 1.873500 22d4f74b6ed640778cca25be508ffeb7 vehicle.car
BOX 731.979947 1874.728941 730.420207 1876.070008 727.030053 1872.127059 728.589793 1870.785992 0.047500 1.754500 639197f3540e4a46957029a5bbc49909 vehicle.car
BOX 716.697567 1892.714152 715.039500 1894.160117 711.854433 1890.507848 713.512500 1889.061883 0.472000 2.236000 b8ee9c66f6e048fd99feefcdce46f30b vehicle.car
BOX 747.998910 1865.321290 746.450125 1866.671952 743.449090 1863.230710 744.997875 1861.880048 -0.034000 1.478000 5f11c1742878473f974c54ef63c4fa33 vehicle.car
BOX 713.519700 1884.230368 711.124477 1885.900490 703.858300 1875.479632 706.253523 1873.809510 0.066000 4.530000 00d5f1e688a64d5ca65a739fbc60dae6 vehicle.bus.rigid
BOX 780.583219 1848.538125 782.155963 1847.066326 785.286781 1850.411875 783.714037 1851.883674 -0.137000 1.513000 ed634e83a0664c59b8d5e7cc84f8ae3e vehicle.car
BOX 754.005021 1855.468152 752.476370 1856.782489 749.524979 1853.349848 751.053630 1852.035511 -0.068000 1.528000 29aa228a5e9a4af0a81d317a1830ad07 vehicle.car
BOX 691.945280 1912.576698 690.276778 1913.965707 687.372720 1910.477302 689.041222 1909.088293 0.635500 2.394500 9fa1ed5c2b73464891faabd933a37ddb vehicle.car
BOX 779.398547 1837.756294 777.919941 1839.027602 774.869453 1835.479706 776.348059 1834.208398 -0.047500 1.537500 ab78cec1e89941aaa751ccafa5533eb4 vehicle.car
BOX 705.197873 1901.835797 703.490353 1903.223015 700.456127 1899.488203 702.163647 1898.100985 0.525500 2.444500 c67476b62e5d4e5998268350f81a7152 vehicle.car
BOX 790.303981 1834.263169 787.992228 1836.676623 783.426019 1832.302831 785.737772 1829.889377 -0.249500 2.681500 f8feea7f9f204b8d836bf0de2500d15b vehicle.construction
ENDFRAME

FRAME 1542800385.948086 770.489369 1859.957943 -0.671656
BOX 736.775478 1866.768889 735.268145 1868.083403 732.168522 1864.529111 733.675855 1863.214597 0.274000 1.876000 46b5bbeeb0b5461ea77c6a4a1e0ac6cb vehicle.car
BOX 787.246024 1830.679183 785.668844 1832.035245 782.457976 1828.300817 784.035156 1826.944755 -0.237500 1.565500 303f4eb80cd2453d8199453162567af8 vehicle.car
BOX 758.367475 1856.417663 756.754628 1857.824192 753.688525 1854.308337 755.301372 1852.901808 0.070000 1.658000 9d593027666a4b4bacd18c3679cb8c00 vehicle.car
BOX 728.291222 1882.237169 726.766096 1883.476207 723.820778 1879.850831 725.345904 1878.611793 0.173500 2.000500 22d4f74b6ed640778cca25be508ffeb7 vehicle.car
BOX 789.309195 1824.107424 787.815234 1825.486253 784.542805 1821.940576 786.036766 1820.561747 -0.403000 1.279000 7c0268946c9048dd979f091b895a6753 vehicle.car
BOX 727.294947 1878.756941 725.735207 1880.098008 722.345053 1876.155059 723.904793 1874.813992 0.092500 1.799500 639197f3540e4a46957029a5bbc49909 vehicle.car
BOX 743.886910 1868.776290 742.338125 1870.126952 739.337090 1866.685710 740.885875 1865.335048 0.139000 1.651000 5f11c1742878473f974c54ef63c4fa33 vehicle.car
BOX 713.519700 1884.230368 711.124477 1885.900490 703.858300 1875.479632 706.253523 1873.809510 0.116000 4.580000 00d5f1e688a64d5ca65a739fbc60dae6 vehicle.bus.rigid
BOX 786.285219 1843.697125 787.857963 1842.225326 790.988781 1845.570875 789.416037 1847.042674 -0.129000 1.521000 ed634e83a0664c59b8d5e7cc84f8ae3e vehicle.car
BOX 749.146021 1859.571152 747.617370 1860.885489 744.665979 1857.452848 746.194630 1856.138511 0.018000 1.614000 29aa228a5e9a4af0a81d317a1830ad07 vehicle.car
BOX 775.261547 1841.533294 773.782941 1842.804602 770.732453 1839.256706 772.211059 1837.985398 -0.047500 1.537500 ab78cec1e89941aaa751ccafa5533eb4 vehicle.car
BOX 790.491981 1834.068169 788.180228 1836.481623 783.614019 1832.107831 785.925772 1829.694377 -0.233500 2.697500 f8feea7f9f204b8d836bf0de2500d15b vehicle.construction
ENDFRAME

FRAME 1542800386.398207 775.698546 1855.722292 -0.681869
BOX 732.746478 1870.309889 731.239145 1871.624403 728.139522 1868.070111 729.646855 1866.755597 0.343000 1.945000 46b5bbeeb0b5461ea77c6a4a1e0ac6cb vehicle.car
BOX 783.122024 1834.300183 781.544844 1835.656245 778.333976 1831.921817 779.911156 1830.565755 -0.237500 1.565500 303f4eb80cd2453d8199453162567af8 vehicle.car
BOX 754.241475 1860.028663 752.628628 1861.435192 749.562525 1857.919337 751.175372 1856.512808 0.129000 1.717000 9d593027666a4b4bacd18c3679cb8c00 vehicle.car
BOX 724.732222 1885.132169 723.207096 1886.371207 720.261778 1882.745831 721.786904 1881.506793 0.337500 2.164500 22d4f74b6ed640778cca25be508ffeb7 vehicle.car
BOX 723.076947 1882.383941 721.517207 1883.725008 718.127053 1879.782059 719.686793 1878.440992 0.233500 1.940500 639197f3540e4a46957029a5bbc49909 vehicle.car
BOX 740.183910 1871.887290 738.635125 1873.237952 735.634090 1869.796710 737.182875 1868.446048 0.244000 1.756000 5f11c1742878473f974c54ef63c4fa33 vehicle.car
BOX 713.519700 1884.230368 711.124477 1885.900490 703.858300 1875.479632 706.253523 1873.809510 0.316000 4.780000 00d5f1e688a64d5ca65a739fbc60dae6 vehicle.bus.rigid
BOX 707.529321 1891.738515 705.999276 1893.026522 702.814679 1889.243485 704.344724 1887.955478 -0.006500 1.710500 6f69fb2ee577455692410bfbfe238f53 vehicle.car
BOX 791.398219 1839.202125 792.970963 1837.730326 796.101781 1841.075875 794.529037 1842.547674 -0.251000 1.399000 ed634e83a0664c59b8d5e7cc84f8ae3e vehicle.car
BOX 771.537547 1844.934294 770.058941 1846.205602 767.008453 1842.657706 768.487059 1841.386398 -0.047500 1.537500 ab78cec1e89941aaa751ccafa5533eb4 vehicle.car
BOX 790.659981 1833.891169 788.348228 1836.304623 783.782019 1831.930831 786.093772 1829.517377 -0.263500 2.667500 f8feea7f9f204b8d836bf0de2500d15b vehicle.construction
BOX 771.569183 1840.148248 770.020180 1841.513830 766.902817 1837.977752 768.451820 1836.612170 -0.209000 1.471000 4e605b16a8c74a8b85f2f699e34720be vehicle.car
ENDFRAME

FRAME 1542800386.898102 781.458590 1850.940776 -0.692412
BOX 778.848024 1838.269183 777.270844 1839.625245 774.059976 1835.890817 775.637156 1834.534755 -0.149500 1.653500 303f4eb80cd2453d8199453162567af8 vehicle.car
BOX 749.895475 1863.833663 748.282628 1865.240192 745.216525 1861.724337 746.829372 1860.317808 0.255000 1.843000 9d593027666a4b4bacd18c3679cb8c00 vehicle.car
BOX 779.806195 1832.762424 778.312234 1834.141253 775.039805 1830.595576 776.533766 1829.216747 -0.198000 1.484000 7c0268946c9048dd979f091b895a6753 vehicle.car
BOX 736.328910 1875.028290 734.780125 1876.378952 731.779090 1872.937710 733.327875 1871.587048 0.316000 1.828000 5f11c1742878473f974c54ef63c4fa33 vehicle.car
BOX 797.076219 1834.211125 798.648963 1832.739326 801.779781 1836.084875 800.207037 1837.556674 -0.225000 1.425000 ed634e83a0664c59b8d5e7cc84f8ae3e vehicle.car
BOX 767.589547 1848.633294 766.110941 1849.904602 763.060453 1846.356706 764.539059 1845.085398 0.002500 1.587500 ab78cec1e89941aaa751ccafa5533eb4 vehicle.car
BOX 790.847981 1833.696169 788.536228 1836.109623 783.970019 1831.735831 786.281772 1829.322377 -0.297500 2.633500 f8feea7f9f204b8d836bf0de2500d15b vehicle.construction
BOX 766.466183 1844.854248 764.917180 1846.219830 761.799817 1842.683752 763.348820 1841.318170 -0.072000 1.608000 4e605b16a8c74a8b85f2f699e34720be vehicle.car
ENDFRAME

FRAME 1542800387.397971 787.196827 1846.045855 -0.709239
BOX 774.685024 1842.054183 773.107844 1843.410245 769.896976 1839.675817 771.474156 1838.319755 -0.011500 1.791500 303f4eb80cd2453d8199453162567af8 vehicle.car
BOX 745.737475 1867.473663 744.124628 1868.880192 741.058525 1865.364337 742.671372 1863.957808 0.381000 1.969000 9d593027666a4b4bacd18c3679cb8c00 vehicle.car
BOX 774.743195 1837.280424 773.249234 1838.659253 769.976805 1835.113576 771.470766 1833.734747 -0.073000 1.609000 7c0268946c9048dd979f091b895a6753 vehicle.car
BOX 732.939910 1878.296290 731.391125 1879.646952 728.390090 1876.205710 729.938875 1874.855048 0.488000 2.000000 5f11c1742878473f974c54ef63c4fa33 vehicle.car
BOX 713.519700 1884.230368 711.124477 1885.900490 703.858300 1875.479632 706.253523 1873.809510 0.660000 5.124000 00d5f1e688a64d5ca65a739fbc60dae6 vehicle.bus.rigid
BOX 802.753219 1829.219125 804.325963 1827.747326 807.456781 1831.092875 805.884037 1832.564674 -0.300000 1.350000 ed634e83a0664c59b8d5e7cc84f8ae3e vehicle.car
BOX 763.641547 1852.333294 762.162941 1853.604602 759.112453 1850.056706 760.591059 1848.785398 0.152500 1.737500 ab78cec1e89941aaa751ccafa5533eb4 vehicle.car
BOX 790.847981 1833.696169 788.536228 1836.109623 783.970019 1831.735831 786.281772 1829.322377 -0.347500 2.583500 f8feea7f9f204b8d836bf0de2500d15b vehicle.construction
BOX 761.858439 1849.974403 760.134458 1851.111115 757.539561 1847.175597 759.263542 1846.038885 0.015000 1.695000 4e605b16a8c74a8b85f2f699e34720be vehicle.car
ENDFRAME

FRAME 1542800387.897823 792.890418 1841.041609 -0.723105
BOX 770.669024 1845.712183 769.091844 1847.068245 765.880976 1843.333817 767.458156 1841.977755 0.176500 1.979500 303f4eb80cd2453d8199453162567af8 vehicle.car
BOX 741.626475 1871.072663 740.013628 1872.479192 736.947525 1868.963337 738.560372 1867.556808 0.506000 2.094000 9d593027666a4b4bacd18c3679cb8c00 vehicle.car
BOX 769.916195 1841.761424 768.422234 1843.140253 765.149805 1839.594576 766.643766 1838.215747 0.052000 1.734000 7c0268946c9048dd979f091b895a6753 vehicle.car
BOX 729.505910 1881.513290 727.957125 1882.863952 724.956090 1879.422710 726.504875 1878.072048 0.611000 2.123000 5f11c1742878473f974c54ef63c4fa33 vehicle.car
BOX 713.519700 1884.230368 711.124477 1885.900490 703.858300 1875.479632 706.253523 1873.809510 0.660000 5.124000 00d5f1e688a64d5ca65a739fbc60dae6 vehicle.bus.rigid
BOX 808.210219 1823.963125 809.782963 1822.491326 812.913781 1825.836875 811.341037 1827.308674 -0.500000 1.150000 ed634e83a0664c59b8d5e7cc84f8ae3e vehicle.car
BOX 759.609547 1855.934294 758.130941 1857.205602 755.080453 1853.657706 756.559059 1852.386398 0.301500 1.886500 ab78cec1e89941aaa751ccafa5533eb4 vehicle.car
BOX 790.764981 1833.617169 788.453228 1836.030623 783.887019 1831.656831 786.198772 1829.243377 -0.297500 2.633500 f8feea7f9f204b8d836bf0de2500d15b vehicle.construction
BOX 755.943439 1854.593403 754.219458 1855.730115 751.624561 1851.794597 753.348542 1850.657885 0.252000 1.932000 4e605b16a8c74a8b85f2f699e34720be vehicle.car
ENDFRAME

