# Scene: scene-0757
# Description: Arrive at busy intersection, bus, wait at intersection, bicycle, peds
# Num samples: 41
# Format:
#   FRAME timestamp ego_x ego_y ego_yaw
#   BOX x1 y1 x2 y2 x3 y3 x4 y4 minZ maxZ instance_token category
#   ENDFRAME

FRAME 1535657108.301401 334.539851 658.702531 2.879708
BOX 364.533939 652.423790 361.914548 653.257931 359.274061 644.966210 361.893452 644.132069 0.425000 3.503000 e75bb479e10c426e9dcf5ff1afefa84d vehicle.truck
BOX 333.048905 642.095404 331.497486 643.450654 328.529095 640.052596 330.080514 638.697346 0.296500 2.019500 2a318666f9144553a5700cd042626988 vehicle.car
BOX 347.477226 657.844887 345.458260 658.385143 344.218774 653.753113 346.237740 653.212857 0.196000 2.196000 0c3833f73f0e43288758cb87c9d2a4fe vehicle.car
BOX 348.396948 636.737630 347.024679 635.278559 350.087052 632.398370 351.459321 633.857441 0.943500 2.506500 c02e9190395b41d6ae3db4e3d3c7ba4b vehicle.car
BOX 296.602632 697.416675 294.669946 694.952096 305.543368 686.425325 307.476054 688.889904 -0.795000 2.811000 89f39b68d255409a8b3f172ccbd9d42b vehicle.bus.rigid
BOX 319.054142 666.635580 320.889191 665.592068 323.137858 669.546420 321.302809 670.589932 -0.294500 2.052500 ff8706c344604bb88d789adc41556aab vehicle.construction
BOX 346.994659 629.199177 345.570508 630.417238 343.045341 627.464823 344.469492 626.246762 0.934500 2.489500 fc42158d663f45358435cd3d80627640 vehicle.car
BOX 350.073200 648.474797 348.102439 649.182566 346.220800 643.943203 348.191561 643.235434 0.446000 2.442000 fa6a5ac33235480f835203a30a9c2455 vehicle.car
ENDFRAME

FRAME 1535657108.801262 332.079758 659.418857 2.851366
BOX 360.972378 653.590698 358.360365 654.447665 355.647622 646.179302 358.259635 645.322335 0.439000 3.517000 e75bb479e10c426e9dcf5ff1afefa84d vehicle.truck
BOX 333.048905 642.095404 331.497486 643.450654 328.529095 640.052596 330.080514 638.697346 0.350500 2.073500 2a318666f9144553a5700cd042626988 vehicle.car
BOX 344.771881 658.597745 342.756304 659.150510 341.488119 654.526255 343.503696 653.973490 0.180000 2.180000 0c3833f73f0e43288758cb87c9d2a4fe vehicle.car
BOX 348.382948 636.753630 347.010679 635.294559 350.073052 632.414370 351.445321 633.873441 0.966500 2.529500 c02e9190395b41d6ae3db4e3d3c7ba4b vehicle.car
BOX 295.695632 696.196675 293.762946 693.732096 304.636368 685.205325 306.569054 687.669904 -0.795000 2.811000 89f39b68d255409a8b3f172ccbd9d42b vehicle.bus.rigid
BOX 319.065808 666.666680 320.897734 665.617696 323.158192 669.565320 321.326266 670.614304 -0.288500 2.058500 ff8706c344604bb88d789adc41556aab vehicle.construction
BOX 346.983659 629.205177 345.559508 630.423238 343.034341 627.470823 344.458492 626.252762 1.002500 2.557500 fc42158d663f45358435cd3d80627640 vehicle.car
BOX 350.070200 648.465797 348.099439 649.173566 346.217800 643.934203 348.188561 643.226434 0.484000 2.480000 fa6a5ac33235480f835203a30a9c2455 vehicle.car
ENDFRAME

FRAME 1535657109.301132 329.647494 660.196689 2.828707
BOX 357.410615 654.757323 354.806180 655.637052 352.021385 647.392677 354.625820 646.512948 0.453000 3.531000 e75bb479e10c426e9dcf5ff1afefa84d vehicle.truck
BOX 333.048905 642.095404 331.497486 643.450654 328.529095 640.052596 330.080514 638.697346 0.405500 2.128500 2a318666f9144553a5700cd042626988 vehicle.car
BOX 342.066474 659.350524 340.054363 659.915777 338.757526 655.299476 340.769637 654.734223 0.165000 2.165000 0c3833f73f0e43288758cb87c9d2a4fe vehicle.car
BOX 348.367948 636.770630 346.995679 635.311559 350.058052 632.431370 351.430321 633.890441 0.989500 2.552500 c02e9190395b41d6ae3db4e3d3c7ba4b vehicle.car
BOX 294.788632 694.976675 292.855946 692.512096 303.729368 683.985325 305.662054 686.449904 -0.795000 2.811000 89f39b68d255409a8b3f172ccbd9d42b vehicle.bus.rigid
BOX 319.077492 666.697793 320.906280 665.643347 323.178508 669.584207 321.349720 670.638653 -0.282500 2.064500 ff8706c344604bb88d789adc41556aab vehicle.construction
BOX 350.066200 648.455797 348.095439 649.163566 346.213800 643.924203 348.184561 643.216434 0.522000 2.518000 fa6a5ac33235480f835203a30a9c2455 vehicle.car
ENDFRAME

FRAME 1535657109.801064 327.233834 661.025514 2.817706
BOX 289.258473 665.956009 290.704654 667.846236 286.467527 671.087991 285.021346 669.197764 -0.264500 1.710500 59064285ad664ee28b4bcb3d322334f9 vehicle.car
BOX 354.903042 655.611010 352.298710 656.491042 349.512958 648.246990 352.117290 647.366958 0.453000 3.531000 e75bb479e10c426e9dcf5ff1afefa84d vehicle.truck
BOX 333.048905 642.095404 331.497486 643.450654 328.529095 640.052596 330.080514 638.697346 0.460500 2.183500 2a318666f9144553a5700cd042626988 vehicle.car
BOX 339.360004 660.103224 337.351438 660.680945 336.025996 656.072776 338.034562 655.495055 0.149000 2.149000 0c3833f73f0e43288758cb87c9d2a4fe vehicle.car
BOX 348.352948 636.787630 346.980679 635.328559 350.043052 632.448370 351.415321 633.907441 1.012500 2.575500 c02e9190395b41d6ae3db4e3d3c7ba4b vehicle.car
BOX 293.880632 693.757675 291.947946 691.293096 302.821368 682.766325 304.754054 685.230904 -0.795000 2.811000 89f39b68d255409a8b3f172ccbd9d42b vehicle.bus.rigid
BOX 319.088194 666.728919 320.913826 665.669020 323.197806 669.603081 321.372174 670.662980 -0.276500 2.070500 ff8706c344604bb88d789adc41556aab vehicle.construction
BOX 350.063200 648.446797 348.092439 649.154566 346.210800 643.915203 348.181561 643.207434 0.561000 2.557000 fa6a5ac33235480f835203a30a9c2455 vehicle.car
ENDFRAME

FRAME 1535657110.200261 325.362312 661.686833 2.815673
BOX 290.501473 667.568009 291.947654 669.458236 287.710527 672.699991 286.264346 670.809764 -0.300500 1.674500 59064285ad664ee28b4bcb3d322334f9 vehicle.car
BOX 352.901384 656.293760 350.297133 657.174033 347.510616 648.930240 350.114867 648.049967 0.452000 3.530000 e75bb479e10c426e9dcf5ff1afefa84d vehicle.truck
BOX 333.048905 642.095404 331.497486 643.450654 328.529095 640.052596 330.080514 638.697346 0.504500 2.227500 2a318666f9144553a5700cd042626988 vehicle.car
BOX 337.369187 660.728201 335.366234 661.325091 333.996813 656.729799 335.999766 656.132909 0.133000 2.133000 0c3833f73f0e43288758cb87c9d2a4fe vehicle.car
BOX 348.341948 636.800630 346.969679 635.341559 350.032052 632.461370 351.404321 633.920441 1.030500 2.593500 c02e9190395b41d6ae3db4e3d3c7ba4b vehicle.car
BOX 293.156632 692.783675 291.223946 690.319096 302.097368 681.792325 304.030054 684.256904 -0.795000 2.811000 89f39b68d255409a8b3f172ccbd9d42b vehicle.bus.rigid
BOX 319.097775 666.753820 320.920876 665.689573 323.214225 669.618180 321.391124 670.682427 -0.271500 2.075500 ff8706c344604bb88d789adc41556aab vehicle.construction
BOX 350.060200 648.439797 348.089439 649.147566 346.207800 643.908203 348.178561 643.200434 0.591000 2.587000 fa6a5ac33235480f835203a30a9c2455 vehicle.car
ENDFRAME

FRAME 1535657110.651414 323.362925 662.405363 2.807968
BOX 291.865961 669.367388 293.341680 671.234647 289.156039 674.542612 287.680320 672.675353 -0.285500 1.689500 59064285ad664ee28b4bcb3d322334f9 vehicle.car
BOX 350.639770 657.064478 348.035611 657.945024 345.248230 649.701522 347.852389 648.820976 0.452000 3.530000 e75bb479e10c426e9dcf5ff1afefa84d vehicle.truck
BOX 333.048905 642.095404 331.497486 643.450654 328.529095 640.052596 330.080514 638.697346 0.553500 2.276500 2a318666f9144553a5700cd042626988 vehicle.car
BOX 335.118682 661.433872 333.122292 662.052361 331.703318 657.472128 333.699708 656.853639 0.114000 2.114000 0c3833f73f0e43288758cb87c9d2a4fe vehicle.car
BOX 348.328948 636.815630 346.956679 635.356559 350.019052 632.476370 351.391321 633.935441 1.051500 2.614500 c02e9190395b41d6ae3db4e3d3c7ba4b vehicle.car
BOX 292.081632 691.454675 290.148946 688.990096 301.022368 680.463325 302.955054 682.927904 -0.795000 2.811000 89f39b68d255409a8b3f172ccbd9d42b vehicle.bus.rigid
BOX 319.107925 666.782369 320.928153 665.713215 323.232075 669.635631 321.411847 670.704785 -0.266500 2.080500 ff8706c344604bb88d789adc41556aab vehicle.construction
BOX 350.057200 648.430797 348.086439 649.138566 346.204800 643.899203 348.175561 643.191434 0.626000 2.622000 fa6a5ac33235480f835203a30a9c2455 vehicle.car
ENDFRAME

FRAME 1535657111.149672 321.358449 663.164911 2.781689
BOX 293.966452 672.145507 295.421461 674.028947 291.199548 677.290493 289.744539 675.407053 -0.394500 1.580500 59064285ad664ee28b4bcb3d322334f9 vehicle.car
BOX 348.141196 657.915166 345.537139 658.796013 342.748804 650.552834 345.352861 649.671987 0.451000 3.529000 e75bb479e10c426e9dcf5ff1afefa84d vehicle.truck
BOX 333.048905 642.095404 331.497486 643.450654 328.529095 640.052596 330.080514 638.697346 0.539500 2.262500 2a318666f9144553a5700cd042626988 vehicle.car
BOX 332.907189 662.129361 330.918319 662.771620 329.444811 658.208639 331.433681 657.566380 0.093000 2.093000 0c3833f73f0e43288758cb87c9d2a4fe vehicle.car
BOX 348.313948 636.832630 346.941679 635.373559 350.004052 632.493370 351.376321 633.952441 1.074500 2.637500 c02e9190395b41d6ae3db4e3d3c7ba4b vehicle.car
BOX 290.894632 689.987675 288.961946 687.523096 299.835368 678.996325 301.768054 681.460904 -0.795000 2.811000 89f39b68d255409a8b3f172ccbd9d42b vehicle.bus.rigid
BOX 319.118690 666.813509 320.935730 665.738946 323.251310 669.654491 321.434270 670.729054 -0.260500 2.086500 ff8706c344604bb88d789adc41556aab vehicle.construction
BOX 350.054200 648.421797 348.083439 649.129566 346.201800 643.890203 348.172561 643.182434 0.664000 2.660000 fa6a5ac33235480f835203a30a9c2455 vehicle.car
ENDFRAME

FRAME 1535657111.649009 319.518145 663.938454 2.751458
BOX 296.071834 674.929974 297.505913 676.829400 293.248166 680.044026 291.814087 678.144600 -0.503500 1.471500 59064285ad664ee28b4bcb3d322334f9 vehicle.car
BOX 345.637623 658.768853 343.033669 659.650002 340.244377 651.407147 342.848331 650.525998 0.451000 3.529000 e75bb479e10c426e9dcf5ff1afefa84d vehicle.truck
BOX 333.048905 642.095404 331.497486 643.450654 328.529095 640.052596 330.080514 638.697346 0.524500 2.247500 2a318666f9144553a5700cd042626988 vehicle.car
BOX 330.690500 662.825526 328.709450 663.491515 327.181500 658.946474 329.162550 658.280485 0.072000 2.072000 0c3833f73f0e43288758cb87c9d2a4fe vehicle.car
BOX 348.299948 636.849630 346.927679 635.390559 349.990052 632.510370 351.362321 633.969441 1.097500 2.660500 c02e9190395b41d6ae3db4e3d3c7ba4b vehicle.car
BOX 289.768498 688.619360 287.730193 686.241391 298.221502 677.248640 300.259807 679.626609 -0.670000 2.936000 89f39b68d255409a8b3f172ccbd9d42b vehicle.bus.rigid
BOX 319.130465 666.844675 320.944294 665.764700 323.271535 669.673325 321.457706 670.753300 -0.254500 2.092500 ff8706c344604bb88d789adc41556aab vehicle.construction
BOX 350.050200 648.411797 348.079439 649.119566 346.197800 643.880203 348.168561 643.172434 0.702000 2.698000 fa6a5ac33235480f835203a30a9c2455 vehicle.car
ENDFRAME

FRAME 1535657112.148325 317.898631 664.660818 2.738415
BOX 298.176043 677.713754 299.589015 679.628933 295.295957 682.796246 293.882985 680.881067 -0.611500 1.363500 59064285ad664ee28b4bcb3d322334f9 vehicle.car
BOX 343.132222 659.622147 340.528172 660.503012 337.739778 652.259853 340.343828 651.378988 0.430000 3.508000 e75bb479e10c426e9dcf5ff1afefa84d vehicle.truck
BOX 333.048905 642.095404 331.497486 643.450654 328.529095 640.052596 330.080514 638.697346 0.510500 2.233500 2a318666f9144553a5700cd042626988 vehicle.car
BOX 328.664908 663.514145 326.687820 664.191805 325.133092 659.655855 327.110180 658.978195 0.058000 2.058000 0c3833f73f0e43288758cb87c9d2a4fe vehicle.car
BOX 348.284948 636.865630 346.912679 635.406559 349.975052 632.526370 351.347321 633.985441 1.120500 2.683500 c02e9190395b41d6ae3db4e3d3c7ba4b vehicle.car
BOX 288.584393 687.301225 286.444349 685.014385 296.533607 675.572775 298.673651 677.859615 -0.545000 3.061000 89f39b68d255409a8b3f172ccbd9d42b vehicle.bus.rigid
BOX 319.142258 666.874854 320.952859 665.789476 323.291742 669.691146 321.481141 670.776524 -0.248500 2.098500 ff8706c344604bb88d789adc41556aab vehicle.construction
BOX 346.913659 629.246177 345.489508 630.464238 342.964341 627.511823 344.388492 626.293762 1.102500 2.657500 fc42158d663f45358435cd3d80627640 vehicle.car
BOX 350.047200 648.402797 348.076439 649.110566 346.194800 643.871203 348.165561 643.163434 0.740000 2.736000 fa6a5ac33235480f835203a30a9c2455 vehicle.car
ENDFRAME

FRAME 1535657112.648213 316.336964 665.358293 2.735295
BOX 302.382255 697.028710 300.819927 695.231965 304.507745 692.025290 306.070073 693.822035 -1.147000 0.371000 82d680066ddd465dbd3b22fd6a66ed70 vehicle.car
BOX 286.814566 663.820523 288.155789 665.463619 284.299434 668.611477 282.958211 666.968381 -0.127500 1.469500 dbac6d80f3724778b2a1d39c591e93c7 vehicle.car
BOX 300.475944 680.752496 301.897257 682.661493 297.618056 685.847504 296.196743 683.938507 -0.717500 1.257500 59064285ad664ee28b4bcb3d322334f9 vehicle.car
BOX 340.624820 660.477441 338.020674 661.358022 335.233180 653.114559 337.837326 652.233978 0.409000 3.487000 e75bb479e10c426e9dcf5ff1afefa84d vehicle.truck
BOX 333.048905 642.095404 331.497486 643.450654 328.529095 640.052596 330.080514 638.697346 0.495500 2.218500 2a318666f9144553a5700cd042626988 vehicle.car
BOX 326.638267 664.202685 324.665215 664.892007 323.083733 660.365315 325.056785 659.675993 0.044000 2.044000 0c3833f73f0e43288758cb87c9d2a4fe vehicle.car
BOX 348.270948 636.882630 346.898679 635.423559 349.961052 632.543370 351.333321 634.002441 1.143500 2.706500 c02e9190395b41d6ae3db4e3d3c7ba4b vehicle.car
BOX 287.212383 686.418334 284.917947 684.286436 294.323617 674.163666 296.618053 676.295564 -0.545000 3.061000 89f39b68d255409a8b3f172ccbd9d42b vehicle.bus.rigid
BOX 319.153065 666.906052 320.960419 665.815276 323.310935 669.709948 321.503581 670.800724 -0.242500 2.104500 ff8706c344604bb88d789adc41556aab vehicle.construction
BOX 350.047200 648.402797 348.076439 649.110566 346.194800 643.871203 348.165561 643.163434 0.784000 2.780000 fa6a5ac33235480f835203a30a9c2455 vehicle.car
ENDFRAME

FRAME 1535657113.148632 314.959323 665.965589 2.731771
BOX 288.670589 666.008043 290.030852 667.635411 286.211411 670.827957 284.851148 669.200589 -0.166500 1.430500 dbac6d80f3724778b2a1d39c591e93c7 vehicle.car
BOX 302.778806 683.793281 304.208442 685.696053 299.943194 688.900719 298.513558 686.997947 -0.822500 1.152500 59064285ad664ee28b4bcb3d322334f9 vehicle.car
BOX 338.115418 661.332735 335.511176 662.213032 332.724582 653.969265 335.328824 653.088968 0.387000 3.465000 e75bb479e10c426e9dcf5ff1afefa84d vehicle.truck
BOX 333.048905 642.095404 331.497486 643.450654 328.529095 640.052596 330.080514 638.697346 0.505500 2.228500 2a318666f9144553a5700cd042626988 vehicle.car
BOX 325.113630 664.750618 323.157229 665.485871 321.470370 660.997382 323.426771 660.262129 0.030000 2.030000 0c3833f73f0e43288758cb87c9d2a4fe vehicle.car
BOX 348.255948 636.899630 346.883679 635.440559 349.946052 632.560370 351.318321 634.019441 1.167500 2.730500 c02e9190395b41d6ae3db4e3d3c7ba4b vehicle.car
BOX 286.369028 685.833202 283.815828 684.019203 291.818972 672.754798 294.372172 674.568797 -0.490000 3.116000 89f39b68d255409a8b3f172ccbd9d42b vehicle.bus.rigid
BOX 319.164886 666.937269 320.968973 665.841098 323.331114 669.728731 321.527027 670.824902 -0.236500 2.110500 ff8706c344604bb88d789adc41556aab vehicle.construction
BOX 346.892659 629.258177 345.468508 630.476238 342.943341 627.523823 344.367492 626.305762 1.146500 2.701500 fc42158d663f45358435cd3d80627640 vehicle.car
BOX 350.047200 648.402797 348.076439 649.110566 346.194800 643.871203 348.165561 643.163434 0.828000 2.824000 fa6a5ac33235480f835203a30a9c2455 vehicle.car
ENDFRAME

FRAME 1535657113.648526 313.728066 666.516685 2.730124
BOX 290.524474 668.192904 291.903574 669.804340 288.121526 673.041096 286.742426 671.429660 -0.204500 1.392500 dbac6d80f3724778b2a1d39c591e93c7 vehicle.car
BOX 305.342652 687.184120 306.780575 689.080638 302.529348 692.303880 301.091425 690.407362 -0.928500 1.046500 59064285ad664ee28b4bcb3d322334f9 vehicle.car
BOX 335.608016 662.187029 333.003678 663.067042 330.217984 654.822971 332.822322 653.942958 0.366000 3.444000 e75bb479e10c426e9dcf5ff1afefa84d vehicle.truck
BOX 333.048905 642.095404 331.497486 643.450654 328.529095 640.052596 330.080514 638.697346 0.515500 2.238500 2a318666f9144553a5700cd042626988 vehicle.car
BOX 323.611952 665.351572 321.673253 666.132305 319.882048 661.684428 321.820747 660.903695 0.016000 2.016000 0c3833f73f0e43288758cb87c9d2a4fe vehicle.car
BOX 348.240948 636.915630 346.868679 635.456559 349.931052 632.576370 351.303321 634.035441 1.190500 2.753500 c02e9190395b41d6ae3db4e3d3c7ba4b vehicle.car
BOX 285.457408 685.363812 282.689377 683.898400 289.154592 671.686188 291.922623 673.151600 -0.434000 3.172000 89f39b68d255409a8b3f172ccbd9d42b vehicle.bus.rigid
BOX 319.175730 666.968492 320.976538 665.866942 323.350270 669.747508 321.549462 670.849058 -0.230500 2.116500 ff8706c344604bb88d789adc41556aab vehicle.construction
ENDFRAME

FRAME 1535657114.148383 312.624324 667.023459 2.729569
BOX 297.890255 691.887710 296.327927 690.090965 300.015745 686.884290 301.578073 688.681035 -0.763000 0.755000 82d680066ddd465dbd3b22fd6a66ed70 vehicle.car
BOX 292.377199 670.378094 293.774948 671.973381 290.030801 675.253906 288.633052 673.658619 -0.243500 1.353500 dbac6d80f3724778b2a1d39c591e93c7 vehicle.car
BOX 307.907473 690.574009 309.353654 692.464236 305.116527 695.705991 303.670346 693.815764 -1.034500 0.940500 59064285ad664ee28b4bcb3d322334f9 vehicle.car
BOX 333.100615 663.042323 330.496180 663.922052 327.711385 655.677677 330.315820 654.797948 0.345000 3.423000 e75bb479e10c426e9dcf5ff1afefa84d vehicle.truck
BOX 333.048905 642.095404 331.497486 643.450654 328.529095 640.052596 330.080514 638.697346 0.525500 2.248500 2a318666f9144553a5700cd042626988 vehicle.car
BOX 322.108254 665.951529 320.188312 666.777315 318.293746 662.372471 320.213688 661.546685 0.002000 2.002000 0c3833f73f0e43288758cb87c9d2a4fe vehicle.car
BOX 348.226948 636.932630 346.854679 635.473559 349.917052 632.593370 351.289321 634.052441 1.213500 2.776500 c02e9190395b41d6ae3db4e3d3c7ba4b vehicle.car
BOX 284.368970 685.261796 281.405781 684.247432 285.881030 671.174204 288.844219 672.188568 -0.354000 3.252000 89f39b68d255409a8b3f172ccbd9d42b vehicle.bus.rigid
BOX 319.187593 666.999727 320.985105 665.892808 323.370407 669.766273 321.572895 670.873192 -0.224500 2.122500 ff8706c344604bb88d789adc41556aab vehicle.construction
BOX 305.534696 703.336224 303.799141 701.340260 309.177304 696.663776 310.912859 698.659740 -1.213500 1.241500 b327acc1048e44889108740b2304dabc vehicle.truck
ENDFRAME

FRAME 1535657114.648261 311.639644 667.473082 2.726522
BOX 296.257464 689.982341 294.710875 688.172030 298.426536 684.997659 299.973125 686.807970 -0.618000 0.900000 82d680066ddd465dbd3b22fd6a66ed70 vehicle.car
BOX 294.454510 672.849182 295.790961 674.496161 291.925490 677.632818 290.589039 675.985839 -0.321500 1.275500 dbac6d80f3724778b2a1d39c591e93c7 vehicle.car
BOX 331.722342 663.490010 329.105744 664.332871 326.437658 656.049990 329.054256 655.207129 0.355000 3.433000 e75bb479e10c426e9dcf5ff1afefa84d vehicle.truck
BOX 333.048905 642.095404 331.497486 643.450654 328.529095 640.052596 330.080514 638.697346 0.535500 2.258500 2a318666f9144553a5700cd042626988 vehicle.car
BOX 320.959072 666.469209 319.053285 667.327158 317.084928 662.954791 318.990715 662.096842 -0.011000 1.989000 0c3833f73f0e43288758cb87c9d2a4fe vehicle.car
BOX 348.211948 636.949630 346.839679 635.490559 349.902052 632.610370 351.274321 634.069441 1.236500 2.799500 c02e9190395b41d6ae3db4e3d3c7ba4b vehicle.car
BOX 283.258658 685.275464 280.183132 684.683378 282.795342 671.114536 285.870868 671.706622 -0.274000 3.332000 89f39b68d255409a8b3f172ccbd9d42b vehicle.bus.rigid
BOX 319.170579 667.019862 320.963246 665.905114 323.365421 669.768138 321.572754 670.882886 -0.211500 2.135500 ff8706c344604bb88d789adc41556aab vehicle.construction
BOX 303.980748 701.512930 302.280292 699.486979 307.739252 694.905070 309.439708 696.931021 -1.092500 1.362500 b327acc1048e44889108740b2304dabc vehicle.truck
BOX 350.047200 648.402797 348.076439 649.110566 346.194800 643.871203 348.165561 643.163434 0.917000 2.913000 fa6a5ac33235480f835203a30a9c2455 vehicle.car
ENDFRAME

FRAME 1535657115.148131 310.767034 667.879933 2.714459
BOX 294.623756 688.076782 293.093024 686.253044 296.836244 683.111218 298.366976 684.934956 -0.473000 1.045000 82d680066ddd465dbd3b22fd6a66ed70 vehicle.car
BOX 296.437013 675.396687 297.710255 677.093005 293.728987 680.081313 292.455745 678.384995 -0.398500 1.198500 dbac6d80f3724778b2a1d39c591e93c7 vehicle.car
BOX 330.343544 663.936955 327.715303 664.742779 325.164456 656.423045 327.792697 655.617221 0.365000 3.443000 e75bb479e10c426e9dcf5ff1afefa84d vehicle.truck
BOX 333.048905 642.095404 331.497486 643.450654 328.529095 640.052596 330.080514 638.697346 0.545500 2.268500 2a318666f9144553a5700cd042626988 vehicle.car
BOX 319.809342 666.986393 317.918249 667.876263 315.876658 663.537607 317.767751 662.647737 -0.025000 1.975000 0c3833f73f0e43288758cb87c9d2a4fe vehicle.car
BOX 308.927921 705.288056 308.325634 704.575498 309.908079 703.237944 310.510366 703.950502 -1.368500 0.470500 ba9b515701e248b0a00c814447cea8a1 vehicle.bicycle
BOX 281.904643 685.416671 278.777384 685.244415 279.537357 671.447329 282.664616 671.619585 -0.235000 3.371000 89f39b68d255409a8b3f172ccbd9d42b vehicle.bus.rigid
BOX 319.153605 667.040024 320.941393 665.917466 323.360395 669.769976 321.572607 670.892534 -0.198500 2.148500 ff8706c344604bb88d789adc41556aab vehicle.construction
BOX 302.426373 699.689629 300.761534 697.634311 306.299627 693.148371 307.964466 695.203689 -0.971500 1.483500 b327acc1048e44889108740b2304dabc vehicle.truck
BOX 350.047200 648.402797 348.076439 649.110566 346.194800 643.871203 348.165561 643.163434 0.919000 2.915000 fa6a5ac33235480f835203a30a9c2455 vehicle.car
ENDFRAME

FRAME 1535657115.648632 310.060064 668.224232 2.699248
BOX 298.738114 678.586316 299.964827 680.316581 295.903886 683.195684 294.677173 681.465419 -0.471500 1.125500 dbac6d80f3724778b2a1d39c591e93c7 vehicle.car
BOX 328.962162 664.384196 326.322789 665.152776 323.889838 656.797804 326.529211 656.029224 0.375000 3.453000 e75bb479e10c426e9dcf5ff1afefa84d vehicle.truck
BOX 333.048905 642.095404 331.497486 643.450654 328.529095 640.052596 330.080514 638.697346 0.555500 2.278500 2a318666f9144553a5700cd042626988 vehicle.car
BOX 318.748246 667.484642 316.856588 668.373310 314.817754 664.033358 316.709412 663.144690 -0.039000 1.961000 0c3833f73f0e43288758cb87c9d2a4fe vehicle.car
BOX 307.624965 703.769187 307.026834 703.053136 308.617035 701.724813 309.215166 702.440864 -1.292500 0.546500 ba9b515701e248b0a00c814447cea8a1 vehicle.bicycle
BOX 280.581192 685.739109 277.459286 685.990358 276.350808 672.216891 279.472714 671.965642 -0.196000 3.410000 89f39b68d255409a8b3f172ccbd9d42b vehicle.bus.rigid
BOX 319.136664 667.060223 320.919533 665.929869 323.355336 669.771777 321.572467 670.902131 -0.185500 2.161500 ff8706c344604bb88d789adc41556aab vehicle.construction
BOX 300.733373 697.610629 299.068534 695.555311 304.606627 691.069371 306.271466 693.124689 -0.850500 1.604500 b327acc1048e44889108740b2304dabc vehicle.truck
ENDFRAME

FRAME 1535657116.148450 309.591629 668.454245 2.688903
BOX 290.359028 682.884564 288.881975 681.017086 292.714972 677.985436 294.192025 679.852914 -0.286000 1.232000 82d680066ddd465dbd3b22fd6a66ed70 vehicle.car
BOX 300.974357 681.734696 302.199385 683.466154 298.135643 686.341304 296.910615 684.609846 -0.544500 1.052500 dbac6d80f3724778b2a1d39c591e93c7 vehicle.car
BOX 327.415581 664.810917 324.757099 665.510544 322.542419 657.095083 325.200901 656.395456 0.359000 3.437000 e75bb479e10c426e9dcf5ff1afefa84d vehicle.truck
BOX 308.932151 704.743265 307.665649 703.234335 311.179849 700.284735 312.446351 701.793665 -1.534000 0.466000 9931995543b74a82ae95928ef340fef6 vehicle.car
BOX 333.048905 642.095404 331.497486 643.450654 328.529095 640.052596 330.080514 638.697346 0.565500 2.288500 2a318666f9144553a5700cd042626988 vehicle.car
BOX 317.688150 667.981889 315.795928 668.869356 313.759850 664.528111 315.652072 663.640644 -0.053000 1.947000 0c3833f73f0e43288758cb87c9d2a4fe vehicle.car
BOX 306.323033 702.253288 305.729074 701.533773 307.326967 700.214712 307.920926 700.934227 -1.216500 0.622500 ba9b515701e248b0a00c814447cea8a1 vehicle.bicycle
BOX 348.182948 636.982630 346.810679 635.523559 349.873052 632.643370 351.245321 634.102441 1.289500 2.852500 c02e9190395b41d6ae3db4e3d3c7ba4b vehicle.car
BOX 279.313875 686.236463 276.254289 686.906057 273.300125 673.407537 276.359711 672.737943 -0.157000 3.449000 89f39b68d255409a8b3f172ccbd9d42b vehicle.bus.rigid
BOX 319.119771 667.080435 320.897693 665.942316 323.350229 669.773565 321.572307 670.911684 -0.172500 2.174500 ff8706c344604bb88d789adc41556aab vehicle.construction
BOX 299.042373 695.534629 297.377534 693.479311 302.915627 688.993371 304.580466 691.048689 -0.730500 1.724500 b327acc1048e44889108740b2304dabc vehicle.truck
ENDFRAME

FRAME 1535657116.649423 309.316262 668.591621 2.681459
BOX 288.287594 680.315097 286.788923 678.464922 290.586406 675.388903 292.085077 677.239078 -0.193000 1.325000 82d680066ddd465dbd3b22fd6a66ed70 vehicle.car
BOX 303.216603 684.890082 304.439942 686.622734 300.373397 689.493918 299.150058 687.761266 -0.617500 0.979500 dbac6d80f3724778b2a1d39c591e93c7 vehicle.car
BOX 325.855113 665.199166 323.179286 665.829205 321.184887 657.358834 323.860714 656.728795 0.342000 3.420000 e75bb479e10c426e9dcf5ff1afefa84d vehicle.truck
BOX 307.224151 702.667265 305.957649 701.158335 309.471849 698.208735 310.738351 699.717665 -1.379000 0.621000 9931995543b74a82ae95928ef340fef6 vehicle.car
BOX 333.048905 642.095404 331.497486 643.450654 328.529095 640.052596 330.080514 638.697346 0.569500 2.292500 2a318666f9144553a5700cd042626988 vehicle.car
BOX 317.022043 668.295148 315.129253 669.181402 313.095957 664.838852 314.988747 663.952598 -0.047000 1.953000 0c3833f73f0e43288758cb87c9d2a4fe vehicle.car
BOX 305.019106 700.732347 304.429347 700.009386 306.034894 698.699653 306.624653 699.422614 -1.141500 0.697500 ba9b515701e248b0a00c814447cea8a1 vehicle.bicycle
BOX 348.182948 636.982630 346.810679 635.523559 349.873052 632.643370 351.245321 634.102441 1.297500 2.860500 c02e9190395b41d6ae3db4e3d3c7ba4b vehicle.car
BOX 277.054214 686.951151 274.050823 687.839444 270.131786 674.588849 273.135177 673.700556 -0.132000 3.474000 89f39b68d255409a8b3f172ccbd9d42b vehicle.bus.rigid
BOX 311.856995 696.486927 311.412023 695.998132 311.835005 695.613073 312.279977 696.101868 -1.174500 0.522500 4b086f653d5a47a79f73f1d4a4d956d8 human.pedestrian.adult
BOX 319.102905 667.100694 320.875835 665.954814 323.345095 669.775306 321.572165 670.921186 -0.159500 2.187500 ff8706c344604bb88d789adc41556aab vehicle.construction
BOX 297.387102 693.445136 295.731258 691.382563 301.288898 686.920864 302.944742 688.983437 -0.615500 1.839500 b327acc1048e44889108740b2304dabc vehicle.truck
ENDFRAME

FRAME 1535657117.149304 309.202946 668.650686 2.678350
BOX 285.943132 677.520034 284.428373 675.683007 288.198868 672.573966 289.713627 674.410993 -0.110000 1.408000 82d680066ddd465dbd3b22fd6a66ed70 vehicle.car
BOX 323.879282 665.635619 321.187962 666.195795 319.414718 657.676381 322.106038 657.116205 0.326000 3.404000 e75bb479e10c426e9dcf5ff1afefa84d vehicle.truck
BOX 311.951331 695.475985 311.423860 694.870524 312.000669 694.368015 312.528140 694.973476 -1.158500 0.726500 3c16d6997c70488ab7e9dfd0fbec962e human.pedestrian.adult
BOX 305.520151 700.595265 304.253649 699.086335 307.767849 696.136735 309.034351 697.645665 -1.226000 0.774000 9931995543b74a82ae95928ef340fef6 vehicle.car
BOX 333.048905 642.095404 331.497486 643.450654 328.529095 640.052596 330.080514 638.697346 0.574500 2.297500 2a318666f9144553a5700cd042626988 vehicle.car
BOX 316.356937 668.608403 314.463581 669.493446 312.433063 665.149597 314.326419 664.264554 -0.041000 1.959000 0c3833f73f0e43288758cb87c9d2a4fe vehicle.car
BOX 348.182948 636.982630 346.810679 635.523559 349.873052 632.643370 351.245321 634.102441 1.304500 2.867500 c02e9190395b41d6ae3db4e3d3c7ba4b vehicle.car
BOX 274.856633 687.825324 271.924874 688.927237 267.063367 675.992676 269.995126 674.890763 -0.106000 3.500000 89f39b68d255409a8b3f172ccbd9d42b vehicle.bus.rigid
BOX 319.086092 667.120959 320.854007 665.967357 323.339908 669.777041 321.571993 670.930643 -0.146500 2.200500 ff8706c344604bb88d789adc41556aab vehicle.construction
BOX 295.735898 691.360600 294.089063 689.290827 299.666102 684.853400 301.312937 686.923173 -0.500500 1.954500 b327acc1048e44889108740b2304dabc vehicle.truck
BOX 285.090992 660.793763 286.639619 662.832231 282.151008 666.242237 280.602381 664.203769 0.099500 2.328500 58350757f1d04f628aab9b22cf33549b vehicle.car
ENDFRAME

FRAME 1535657117.649169 309.173975 668.667870 2.678817
BOX 283.598756 674.723782 282.068024 672.900044 285.811244 669.758218 287.341976 671.581956 -0.026000 1.492000 82d680066ddd465dbd3b22fd6a66ed70 vehicle.car
BOX 307.543213 690.889622 308.796604 692.600660 304.780787 695.542378 303.527396 693.831340 -1.014500 0.582500 dbac6d80f3724778b2a1d39c591e93c7 vehicle.car
BOX 321.891943 666.020374 319.186954 666.510309 317.636057 657.947626 320.341046 657.457691 0.309000 3.387000 e75bb479e10c426e9dcf5ff1afefa84d vehicle.truck
BOX 311.493846 694.961150 310.982396 694.342097 311.572154 693.854850 312.083604 694.473903 -1.145500 0.739500 3c16d6997c70488ab7e9dfd0fbec962e human.pedestrian.adult
BOX 333.048905 642.095404 331.497486 643.450654 328.529095 640.052596 330.080514 638.697346 0.578500 2.301500 2a318666f9144553a5700cd042626988 vehicle.car
BOX 316.083727 668.762183 314.205514 669.678924 312.102273 665.369817 313.980486 664.453076 -0.075000 1.925000 0c3833f73f0e43288758cb87c9d2a4fe vehicle.car
BOX 271.983353 688.978639 269.058885 690.099758 264.112647 677.197361 267.037115 676.076242 -0.006000 3.600000 89f39b68d255409a8b3f172ccbd9d42b vehicle.bus.rigid
BOX 310.969183 695.488006 310.528492 694.995348 310.954817 694.613994 311.395508 695.106652 -1.119500 0.577500 4b086f653d5a47a79f73f1d4a4d956d8 human.pedestrian.adult
BOX 319.069320 667.141248 320.832186 665.979946 323.334680 669.778752 321.571814 670.940054 -0.133500 2.213500 ff8706c344604bb88d789adc41556aab vehicle.construction
BOX 293.657732 688.738002 292.019936 686.661070 297.616268 682.247998 299.254064 684.324930 -0.427500 2.027500 b327acc1048e44889108740b2304dabc vehicle.truck
BOX 287.403176 663.791046 288.969524 665.815931 284.510824 669.264954 282.944476 667.240069 0.028500 2.257500 58350757f1d04f628aab9b22cf33549b vehicle.car
ENDFRAME

FRAME 1535657118.149616 309.184429 668.663831 2.678596
BOX 319.581700 666.498529 316.893438 667.073203 315.074300 658.563471 317.762562 657.988797 0.207000 3.285000 e75bb479e10c426e9dcf5ff1afefa84d vehicle.truck
BOX 333.048905 642.095404 331.497486 643.450654 328.529095 640.052596 330.080514 638.697346 0.582500 2.305500 2a318666f9144553a5700cd042626988 vehicle.car
BOX 315.809987 668.915445 313.947466 669.863661 311.772013 665.590555 313.634534 664.642339 -0.109000 1.891000 0c3833f73f0e43288758cb87c9d2a4fe vehicle.car
BOX 268.682750 690.203700 265.759119 691.327001 260.803250 678.428300 263.726881 677.304999 -0.022000 3.584000 89f39b68d255409a8b3f172ccbd9d42b vehicle.bus.rigid
BOX 310.524275 694.988034 310.085739 694.493455 310.513725 694.113966 310.952261 694.608545 -1.091500 0.605500 4b086f653d5a47a79f73f1d4a4d956d8 human.pedestrian.adult
BOX 319.053581 667.161574 320.811360 665.992584 323.330419 669.780426 321.572640 670.949416 -0.120500 2.226500 ff8706c344604bb88d789adc41556aab vehicle.construction
BOX 291.576588 686.113332 289.947872 684.029271 295.563412 679.640668 297.192128 681.724729 -0.353500 2.101500 b327acc1048e44889108740b2304dabc vehicle.truck
BOX 289.718223 666.792523 291.302191 668.803653 286.873777 672.291477 285.289809 670.280347 -0.043500 2.185500 58350757f1d04f628aab9b22cf33549b vehicle.car
ENDFRAME

FRAME 1535657118.649480 309.185792 668.664064 2.678427
BOX 278.755756 668.981782 277.225024 667.158044 280.968244 664.016218 282.498976 665.839956 0.140000 1.658000 82d680066ddd465dbd3b22fd6a66ed70 vehicle.car
BOX 317.408133 667.044358 314.757368 667.772676 312.451867 659.381642 315.102632 658.653324 0.105000 3.183000 e75bb479e10c426e9dcf5ff1afefa84d vehicle.truck
BOX 310.619950 693.897343 310.141599 693.252371 310.756050 692.796657 311.234401 693.441629 -1.120500 0.764500 3c16d6997c70488ab7e9dfd0fbec962e human.pedestrian.adult
BOX 300.407151 694.378265 299.140649 692.869335 302.654849 689.919735 303.921351 691.428665 -0.764000 1.236000 9931995543b74a82ae95928ef340fef6 vehicle.car
BOX 315.793033 668.931053 313.923213 669.864796 311.780967 665.574947 313.650787 664.641204 -0.104000 1.896000 0c3833f73f0e43288758cb87c9d2a4fe vehicle.car
BOX 298.605240 693.438300 297.966486 692.758239 299.476760 691.339700 300.115514 692.019761 -0.839500 0.999500 ba9b515701e248b0a00c814447cea8a1 vehicle.bicycle
BOX 265.386139 691.427760 262.463347 692.553242 257.497861 679.658240 260.420653 678.532758 -0.039000 3.567000 89f39b68d255409a8b3f172ccbd9d42b vehicle.bus.rigid
BOX 310.080368 694.489053 309.643994 693.992566 310.073632 693.614947 310.510006 694.111434 -1.064500 0.632500 4b086f653d5a47a79f73f1d4a4d956d8 human.pedestrian.adult
BOX 319.036890 667.181914 320.789553 666.005268 323.325110 669.782086 321.572447 670.958732 -0.107500 2.239500 ff8706c344604bb88d789adc41556aab vehicle.construction
BOX 289.623373 683.533629 287.958534 681.478311 293.496627 676.992371 295.161466 679.047689 -0.326500 2.128500 b327acc1048e44889108740b2304dabc vehicle.truck
BOX 292.057188 669.855840 293.629434 671.876148 289.180812 675.338160 287.608566 673.317852 -0.135500 2.093500 58350757f1d04f628aab9b22cf33549b vehicle.car
ENDFRAME

FRAME 1535657119.149935 309.186097 668.664660 2.678343
BOX 276.332756 666.108782 274.802024 664.285044 278.545244 661.143218 280.075976 662.966956 0.224000 1.742000 82d680066ddd465dbd3b22fd6a66ed70 vehicle.car
BOX 315.266615 667.716323 312.662180 668.596052 309.877385 660.351677 312.481820 659.471948 0.004000 3.082000 e75bb479e10c426e9dcf5ff1afefa84d vehicle.truck
BOX 310.204559 693.347372 309.743265 692.690092 310.369441 692.250628 310.830735 692.907908 -1.108500 0.776500 3c16d6997c70488ab7e9dfd0fbec962e human.pedestrian.adult
BOX 298.311601 691.839358 297.055674 690.321614 300.590399 687.396642 301.846326 688.914386 -0.710000 1.290000 9931995543b74a82ae95928ef340fef6 vehicle.car
BOX 315.774943 668.945579 313.897929 669.864775 311.789057 665.558421 313.666071 664.639225 -0.099000 1.901000 0c3833f73f0e43288758cb87c9d2a4fe vehicle.car
BOX 262.085531 692.652814 259.163580 693.780477 254.188469 680.889186 257.110420 679.761523 -0.055000 3.551000 89f39b68d255409a8b3f172ccbd9d42b vehicle.bus.rigid
BOX 309.637284 693.985783 309.223002 693.470718 309.668716 693.112217 310.082998 693.627282 -1.036500 0.660500 4b086f653d5a47a79f73f1d4a4d956d8 human.pedestrian.adult
BOX 319.021234 667.203289 320.768742 666.019001 323.320766 669.784711 321.573258 670.968999 -0.094500 2.252500 ff8706c344604bb88d789adc41556aab vehicle.construction
BOX 287.366890 680.632595 285.720060 678.562818 291.297110 674.125405 292.943940 676.195182 -0.173500 2.281500 b327acc1048e44889108740b2304dabc vehicle.truck
BOX 294.398124 672.923260 295.958580 674.952688 291.489876 678.388740 289.929420 676.359312 -0.227500 2.001500 58350757f1d04f628aab9b22cf33549b vehicle.car
ENDFRAME

FRAME 1535657119.649820 309.186415 668.665122 2.678264
BOX 313.715278 668.311720 311.121257 669.221694 308.240722 661.010280 310.834743 660.100306 0.066000 3.144000 e75bb479e10c426e9dcf5ff1afefa84d vehicle.truck
BOX 284.184033 661.248166 285.472169 662.757126 282.181967 665.565834 280.893831 664.056874 0.148500 1.695500 38798e421c51439f883ead7073ce7b79 vehicle.car
BOX 309.851004 692.825668 309.395189 692.164577 310.024996 691.730332 310.480811 692.391423 -1.074500 0.810500 3c16d6997c70488ab7e9dfd0fbec962e human.pedestrian.adult
BOX 296.219124 689.302351 294.973821 687.775878 298.528876 684.875649 299.774179 686.402122 -0.656000 1.344000 9931995543b74a82ae95928ef340fef6 vehicle.car
BOX 315.757747 668.959986 313.873661 669.864595 311.798253 665.542014 313.682339 664.637405 -0.094000 1.906000 0c3833f73f0e43288758cb87c9d2a4fe vehicle.car
BOX 258.148052 694.123048 255.216371 695.225169 250.353948 682.290952 253.285629 681.188831 -0.027000 3.579000 89f39b68d255409a8b3f172ccbd9d42b vehicle.bus.rigid
BOX 309.216252 693.463682 308.824825 692.931042 309.285748 692.592318 309.677175 693.124958 -1.009500 0.687500 4b086f653d5a47a79f73f1d4a4d956d8 human.pedestrian.adult
BOX 319.004624 667.223678 320.746950 666.031779 323.315376 669.786322 321.573050 670.978221 -0.081500 2.265500 ff8706c344604bb88d789adc41556aab vehicle.construction
BOX 285.111588 677.734332 283.482872 675.650271 289.098412 671.261668 290.727128 673.345729 -0.019500 2.435500 b327acc1048e44889108740b2304dabc vehicle.truck
BOX 296.736992 675.986763 298.285619 678.025231 293.797008 681.435237 292.248381 679.396769 -0.319500 1.909500 58350757f1d04f628aab9b22cf33549b vehicle.car
ENDFRAME

FRAME 1535657120.149686 309.186593 668.665556 2.678322
BOX 312.164570 668.906624 309.581312 669.846718 306.605430 661.669376 309.188688 660.729282 0.129000 3.207000 e75bb479e10c426e9dcf5ff1afefa84d vehicle.truck
BOX 286.685558 664.230965 287.947163 665.762176 284.608442 668.513035 283.346837 666.981824 0.071500 1.618500 38798e421c51439f883ead7073ce7b79 vehicle.car
BOX 309.497456 692.302926 309.047150 691.638070 309.680544 691.209074 310.130850 691.873930 -1.041500 0.843500 3c16d6997c70488ab7e9dfd0fbec962e human.pedestrian.adult
BOX 315.739433 668.974289 313.848387 669.864259 311.806567 665.525711 313.697613 664.635741 -0.089000 1.911000 0c3833f73f0e43288758cb87c9d2a4fe vehicle.car
BOX 348.182948 636.982630 346.810679 635.523559 349.873052 632.643370 351.245321 634.102441 1.307500 2.870500 c02e9190395b41d6ae3db4e3d3c7ba4b vehicle.car
BOX 254.211278 695.591830 251.270091 696.668326 246.520722 683.692170 249.461909 682.615674 0.001000 3.607000 89f39b68d255409a8b3f172ccbd9d42b vehicle.bus.rigid
BOX 308.819286 692.924752 308.451458 692.375550 308.926714 692.057248 309.294542 692.606450 -0.981500 0.715500 4b086f653d5a47a79f73f1d4a4d956d8 human.pedestrian.adult
BOX 318.988056 667.244092 320.725166 666.044605 323.309944 669.787908 321.572834 670.987395 -0.068500 2.278500 ff8706c344604bb88d789adc41556aab vehicle.construction
BOX 282.796121 674.930148 281.140265 672.867585 286.697879 668.405852 288.353735 670.468415 0.084500 2.539500 b327acc1048e44889108740b2304dabc vehicle.truck
BOX 299.055992 679.099763 300.604619 681.138231 296.116008 684.548237 294.567381 682.509769 -0.415500 1.813500 58350757f1d04f628aab9b22cf33549b vehicle.car
ENDFRAME

FRAME 1535657120.649535 309.186812 668.665887 2.678194
BOX 310.960484 669.407039 308.388339 670.377126 305.317516 662.234961 307.889661 661.264874 0.191000 3.269000 e75bb479e10c426e9dcf5ff1afefa84d vehicle.truck
BOX 289.072556 667.104964 290.334162 668.636175 286.995444 671.387036 285.733838 669.855825 -0.054500 1.492500 38798e421c51439f883ead7073ce7b79 vehicle.car
BOX 309.143914 691.780146 308.699149 691.111571 309.336086 690.687854 309.780851 691.356429 -1.008500 0.876500 3c16d6997c70488ab7e9dfd0fbec962e human.pedestrian.adult
BOX 291.367342 683.415015 290.143467 681.871308 293.738658 679.020985 294.962533 680.564692 -0.448000 1.552000 9931995543b74a82ae95928ef340fef6 vehicle.car
BOX 315.722001 668.989488 313.824110 669.864765 311.815999 665.510512 313.713890 664.635235 -0.083000 1.917000 0c3833f73f0e43288758cb87c9d2a4fe vehicle.car
BOX 292.157921 686.040056 291.555634 685.327498 293.138079 683.989944 293.740366 684.702502 -0.386500 1.452500 ba9b515701e248b0a00c814447cea8a1 vehicle.bicycle
BOX 348.182948 636.982630 346.810679 635.523559 349.873052 632.643370 351.245321 634.102441 1.295500 2.858500 c02e9190395b41d6ae3db4e3d3c7ba4b vehicle.car
BOX 249.981282 697.177550 247.035426 698.241204 242.342718 685.244450 245.288574 684.180796 0.029000 3.635000 89f39b68d255409a8b3f172ccbd9d42b vehicle.bus.rigid
BOX 299.684186 694.011097 298.408970 692.421358 302.019814 689.524903 303.295030 691.114642 -0.720000 0.768000 3ca372ae40fc4727a1e0e245122ccf94 vehicle.car
BOX 308.445424 692.367998 308.101893 691.803278 308.590576 691.506002 308.934107 692.070722 -0.954500 0.742500 4b086f653d5a47a79f73f1d4a4d956d8 human.pedestrian.adult
BOX 318.972529 667.264529 320.704391 666.057477 323.305471 669.789471 321.573609 670.996523 -0.055500 2.291500 ff8706c344604bb88d789adc41556aab vehicle.construction
BOX 280.481987 672.126404 278.799276 670.085691 284.298013 665.551596 285.980724 667.592309 0.187500 2.642500 b327acc1048e44889108740b2304dabc vehicle.truck
BOX 301.373992 682.212763 302.922619 684.251231 298.434008 687.661237 296.885381 685.622769 -0.510500 1.718500 58350757f1d04f628aab9b22cf33549b vehicle.car
ENDFRAME

FRAME 1535657121.149429 309.187042 668.666148 2.678164
BOX 310.067573 669.750394 307.489827 670.705499 304.466427 662.545606 307.044173 661.590501 0.038000 3.116000 e75bb479e10c426e9dcf5ff1afefa84d vehicle.truck
BOX 291.675646 670.286514 292.883044 671.860822 289.450354 674.493486 288.242956 672.919178 -0.081500 1.465500 38798e421c51439f883ead7073ce7b79 vehicle.car
BOX 308.798759 691.254763 308.356637 690.584437 308.995241 690.163237 309.437363 690.833563 -0.986500 0.898500 3c16d6997c70488ab7e9dfd0fbec962e human.pedestrian.adult
BOX 288.942035 680.469686 287.728966 678.917474 291.343965 676.092314 292.557034 677.644526 -0.344000 1.656000 9931995543b74a82ae95928ef340fef6 vehicle.car
BOX 306.468606 702.343897 305.074832 700.700298 308.669394 697.652103 310.063168 699.295702 -1.266000 0.348000 11ae216987c84c0abefef802331df41c vehicle.car
BOX 315.703451 669.003583 313.798828 669.864113 311.824549 665.494417 313.729172 664.633887 -0.078000 1.922000 0c3833f73f0e43288758cb87c9d2a4fe vehicle.car
BOX 290.678994 684.263741 290.082949 683.545953 291.677006 682.222259 292.273051 682.940047 -0.323500 1.515500 ba9b515701e248b0a00c814447cea8a1 vehicle.bicycle
BOX 348.182948 636.982630 346.810679 635.523559 349.873052 632.643370 351.245321 634.102441 1.282500 2.845500 c02e9190395b41d6ae3db4e3d3c7ba4b vehicle.car
BOX 245.941337 698.572126 242.984804 699.605732 238.424663 686.561874 241.381196 685.528268 0.008000 3.614000 89f39b68d255409a8b3f172ccbd9d42b vehicle.bus.rigid
BOX 297.329186 691.008097 296.053970 689.418358 299.664814 686.521903 300.940030 688.111642 -0.570000 0.918000 3ca372ae40fc4727a1e0e245122ccf94 vehicle.car
BOX 308.087424 691.819998 307.743893 691.255278 308.232576 690.958002 308.576107 691.522722 -0.926500 0.770500 4b086f653d5a47a79f73f1d4a4d956d8 human.pedestrian.adult
BOX 318.956043 667.285991 320.682623 666.071396 323.299957 669.792009 321.573377 671.006604 -0.042500 2.304500 ff8706c344604bb88d789adc41556aab vehicle.construction
BOX 278.035183 669.239099 276.325903 667.220588 281.764817 662.614901 283.474097 664.633412 0.141500 2.596500 b327acc1048e44889108740b2304dabc vehicle.truck
BOX 303.692992 685.324763 305.241619 687.363231 300.753008 690.773237 299.204381 688.734769 -0.606500 1.622500 58350757f1d04f628aab9b22cf33549b vehicle.car
ENDFRAME

FRAME 1535657121.649287 309.187106 668.666437 2.678209
BOX 309.635040 669.902232 307.060084 670.864832 304.012960 662.713768 306.587916 661.751168 -0.064000 3.014000 e75bb479e10c426e9dcf5ff1afefa84d vehicle.truck
BOX 293.947864 673.275023 295.146083 674.856328 291.698136 677.468977 290.499917 675.887672 -0.186500 1.360500 38798e421c51439f883ead7073ce7b79 vehicle.car
BOX 308.452605 690.729371 308.013133 690.057305 308.653395 689.638629 309.092867 690.310695 -0.965500 0.919500 3c16d6997c70488ab7e9dfd0fbec962e human.pedestrian.adult
BOX 286.629021 677.674393 285.443225 676.101246 289.106979 673.339607 290.292775 674.912754 -0.262000 1.738000 9931995543b74a82ae95928ef340fef6 vehicle.car
BOX 333.048905 642.095404 331.497486 643.450654 328.529095 640.052596 330.080514 638.697346 0.611500 2.334500 2a318666f9144553a5700cd042626988 vehicle.car
BOX 315.685784 669.017572 313.774545 669.863305 311.834216 665.478428 313.745455 664.632695 -0.073000 1.927000 0c3833f73f0e43288758cb87c9d2a4fe vehicle.car
BOX 289.201106 682.487347 288.611347 681.764386 290.216894 680.454653 290.806653 681.177614 -0.260500 1.578500 ba9b515701e248b0a00c814447cea8a1 vehicle.bicycle
BOX 348.182948 636.982630 346.810679 635.523559 349.873052 632.643370 351.245321 634.102441 1.292500 2.855500 c02e9190395b41d6ae3db4e3d3c7ba4b vehicle.car
BOX 241.497007 700.108077 238.530105 701.111530 234.102993 688.021923 237.069895 687.018470 0.086000 3.692000 89f39b68d255409a8b3f172ccbd9d42b vehicle.bus.rigid
BOX 294.962157 687.998265 293.696211 686.401135 297.323843 683.525735 298.589789 685.122865 -0.494000 0.994000 3ca372ae40fc4727a1e0e245122ccf94 vehicle.car
BOX 307.729424 691.271998 307.385893 690.707278 307.874576 690.410002 308.218107 690.974722 -0.898500 0.798500 4b086f653d5a47a79f73f1d4a4d956d8 human.pedestrian.adult
BOX 318.939598 667.306476 320.660865 666.084362 323.294402 669.793524 321.573135 671.015638 -0.029500 2.317500 ff8706c344604bb88d789adc41556aab vehicle.construction
BOX 275.589696 666.351224 273.854141 664.355260 279.232304 659.678776 280.967859 661.674740 0.095500 2.550500 b327acc1048e44889108740b2304dabc vehicle.truck
BOX 305.971163 688.342039 307.537520 690.366916 303.078837 693.815961 301.512480 691.791084 -0.737500 1.491500 58350757f1d04f628aab9b22cf33549b vehicle.car
ENDFRAME

FRAME 1535657122.149177 309.187254 668.666637 2.678213
BOX 309.203484 670.053039 306.631339 671.023126 303.560516 662.880961 306.132661 661.910874 -0.166000 2.912000 e75bb479e10c426e9dcf5ff1afefa84d vehicle.truck
BOX 296.219045 676.263602 297.408044 677.851852 293.944955 680.444398 292.755956 678.856148 -0.291500 1.255500 38798e421c51439f883ead7073ce7b79 vehicle.car
BOX 308.107453 690.203970 307.670637 689.530174 308.312547 689.114030 308.749363 689.787826 -0.944500 0.940500 3c16d6997c70488ab7e9dfd0fbec962e human.pedestrian.adult
BOX 284.353021 674.899393 283.167225 673.326246 286.830979 670.564607 288.016775 672.137754 -0.131000 1.869000 9931995543b74a82ae95928ef340fef6 vehicle.car
BOX 333.048905 642.095404 331.497486 643.450654 328.529095 640.052596 330.080514 638.697346 0.615500 2.338500 2a318666f9144553a5700cd042626988 vehicle.car
BOX 315.667001 669.031456 313.749260 669.862339 311.842999 665.462544 313.760740 664.631661 -0.068000 1.932000 0c3833f73f0e43288758cb87c9d2a4fe vehicle.car
BOX 287.723256 680.709876 287.139828 679.981796 288.756744 678.686124 289.340172 679.414204 -0.197500 1.641500 ba9b515701e248b0a00c814447cea8a1 vehicle.bicycle
BOX 348.182948 636.982630 346.810679 635.523559 349.873052 632.643370 351.245321 634.102441 1.302500 2.865500 c02e9190395b41d6ae3db4e3d3c7ba4b vehicle.car
BOX 237.052289 701.642404 234.075325 702.615598 229.781711 689.481596 232.758675 688.508402 0.164000 3.770000 89f39b68d255409a8b3f172ccbd9d42b vehicle.bus.rigid
BOX 292.595167 684.988357 291.338534 683.383889 294.982833 680.529643 296.239466 682.134111 -0.417000 1.071000 3ca372ae40fc4727a1e0e245122ccf94 vehicle.car
BOX 307.391424 690.715998 307.047893 690.151278 307.536576 689.854002 307.880107 690.418722 -0.883500 0.813500 4b086f653d5a47a79f73f1d4a4d956d8 human.pedestrian.adult
BOX 318.924195 667.326985 320.640114 666.097375 323.289805 669.795015 321.573886 671.024625 -0.016500 2.330500 ff8706c344604bb88d789adc41556aab vehicle.construction
BOX 308.249223 691.358523 309.833191 693.369653 305.404777 696.857477 303.820809 694.846347 -0.868500 1.360500 58350757f1d04f628aab9b22cf33549b vehicle.car
ENDFRAME

FRAME 1535657122.649085 309.187301 668.666848 2.678274
BOX 309.154484 670.061039 306.582339 671.031126 303.511516 662.888961 306.083661 661.918874 -0.158000 2.920000 e75bb479e10c426e9dcf5ff1afefa84d vehicle.truck
BOX 298.490187 679.252253 299.669926 680.847393 296.191813 683.419747 295.012074 681.824607 -0.397500 1.149500 38798e421c51439f883ead7073ce7b79 vehicle.car
BOX 307.761302 689.678561 307.327150 689.003046 307.970698 688.589439 308.404850 689.264954 -0.922500 0.962500 3c16d6997c70488ab7e9dfd0fbec962e human.pedestrian.adult
BOX 282.103021 671.948393 280.917225 670.375246 284.580979 667.613607 285.766775 669.186754 -0.049000 1.951000 9931995543b74a82ae95928ef340fef6 vehicle.car
BOX 333.048905 642.095404 331.497486 643.450654 328.529095 640.052596 330.080514 638.697346 0.619500 2.342500 2a318666f9144553a5700cd042626988 vehicle.car
BOX 299.385557 693.609279 298.035297 691.929748 301.708443 688.976721 303.058703 690.656252 -0.815000 0.799000 11ae216987c84c0abefef802331df41c vehicle.car
BOX 315.649103 669.045232 313.724974 669.861216 311.852897 665.446768 313.777026 664.630784 -0.063000 1.937000 0c3833f73f0e43288758cb87c9d2a4fe vehicle.car
BOX 286.244445 678.933328 285.667393 678.200184 287.295555 676.918672 287.872607 677.651816 -0.134500 1.704500 ba9b515701e248b0a00c814447cea8a1 vehicle.bicycle
BOX 348.182948 636.982630 346.810679 635.523559 349.873052 632.643370 351.245321 634.102441 1.312500 2.875500 c02e9190395b41d6ae3db4e3d3c7ba4b vehicle.car
BOX 232.399659 703.129747 229.420999 704.097738 225.150341 690.956253 228.129001 689.988262 0.167000 3.773000 89f39b68d255409a8b3f172ccbd9d42b vehicle.bus.rigid
BOX 290.227217 681.978374 288.979940 680.366622 292.640783 677.533626 293.888060 679.145378 -0.248000 1.240000 3ca372ae40fc4727a1e0e245122ccf94 vehicle.car
BOX 307.053424 690.159998 306.709893 689.595278 307.198576 689.298002 307.542107 689.862722 -0.868500 0.828500 4b086f653d5a47a79f73f1d4a4d956d8 human.pedestrian.adult
BOX 318.921591 667.317756 320.639891 666.091475 323.282409 669.794244 321.564109 671.020525 -0.007500 2.339500 ff8706c344604bb88d789adc41556aab vehicle.construction
BOX 290.580480 666.952530 291.660259 668.501279 287.979520 671.067470 286.899741 669.518721 0.034000 1.516000 c27a467cdb1c4643801745a2574d6a46 vehicle.car
BOX 310.801717 694.471214 312.437820 696.440165 308.102283 700.042786 306.466180 698.073835 -1.024500 1.204500 58350757f1d04f628aab9b22cf33549b vehicle.car
ENDFRAME

FRAME 1535657123.148366 309.187431 668.666983 2.678155
BOX 309.105484 670.069039 306.533339 671.039126 303.462516 662.896961 306.034661 661.926874 -0.149000 2.929000 e75bb479e10c426e9dcf5ff1afefa84d vehicle.truck
BOX 300.777187 682.289253 301.956926 683.884393 298.478813 686.456747 297.299074 684.861607 -0.511500 1.035500 38798e421c51439f883ead7073ce7b79 vehicle.car
BOX 307.450873 689.148873 307.027245 688.466709 307.677127 688.063127 308.100755 688.745291 -0.901500 0.983500 3c16d6997c70488ab7e9dfd0fbec962e human.pedestrian.adult
BOX 279.855021 669.000393 278.669225 667.427246 282.332979 664.665607 283.518775 666.238754 -0.067000 1.933000 9931995543b74a82ae95928ef340fef6 vehicle.car
BOX 333.048905 642.095404 331.497486 643.450654 328.529095 640.052596 330.080514 638.697346 0.623500 2.346500 2a318666f9144553a5700cd042626988 vehicle.car
BOX 297.028406 690.701065 295.692841 689.009825 299.391594 686.088935 300.727159 687.780175 -0.666000 0.948000 11ae216987c84c0abefef802331df41c vehicle.car
BOX 315.649103 669.045232 313.724974 669.861216 311.852897 665.446768 313.777026 664.630784 -0.063000 1.937000 0c3833f73f0e43288758cb87c9d2a4fe vehicle.car
BOX 284.914192 677.334370 284.328656 676.607985 285.941808 675.307630 286.527344 676.034015 -0.105500 1.733500 ba9b515701e248b0a00c814447cea8a1 vehicle.bicycle
BOX 348.182948 636.982630 346.810679 635.523559 349.873052 632.643370 351.245321 634.102441 1.322500 2.885500 c02e9190395b41d6ae3db4e3d3c7ba4b vehicle.car
BOX 227.752031 704.615063 224.771686 705.577854 220.523969 692.428937 223.504314 691.466146 0.170000 3.776000 89f39b68d255409a8b3f172ccbd9d42b vehicle.bus.rigid
BOX 287.901913 679.059612 286.647624 677.453311 290.296087 674.604388 291.550376 676.210689 -0.137000 1.351000 3ca372ae40fc4727a1e0e245122ccf94 vehicle.car
BOX 306.716424 689.604998 306.372893 689.040278 306.861576 688.743002 307.205107 689.307722 -0.853500 0.843500 4b086f653d5a47a79f73f1d4a4d956d8 human.pedestrian.adult
BOX 318.919993 667.308537 320.640664 666.085584 323.276007 669.793463 321.555336 671.016416 0.001500 2.348500 ff8706c344604bb88d789adc41556aab vehicle.construction
BOX 292.909487 670.308267 294.002731 671.847539 290.344513 674.445733 289.251269 672.906461 -0.073000 1.409000 c27a467cdb1c4643801745a2574d6a46 vehicle.car
BOX 313.430378 697.511858 315.117429 699.437333 310.877622 703.152142 309.190571 701.226667 -1.180500 1.048500 58350757f1d04f628aab9b22cf33549b vehicle.car
ENDFRAME

FRAME 1535657123.648262 309.187520 668.667111 2.678210
BOX 309.056484 670.077039 306.484339 671.047126 303.413516 662.904961 305.985661 661.934874 -0.141000 2.937000 e75bb479e10c426e9dcf5ff1afefa84d vehicle.truck
BOX 303.067187 685.330253 304.246926 686.925393 300.768813 689.497747 299.589074 687.902607 -0.626500 0.920500 38798e421c51439f883ead7073ce7b79 vehicle.car
BOX 307.140461 688.619052 306.727471 687.930394 307.383539 687.536948 307.796529 688.225606 -0.879500 1.005500 3c16d6997c70488ab7e9dfd0fbec962e human.pedestrian.adult
BOX 333.048905 642.095404 331.497486 643.450654 328.529095 640.052596 330.080514 638.697346 0.628500 2.351500 2a318666f9144553a5700cd042626988 vehicle.car
BOX 294.366406 687.341065 293.030841 685.649825 296.729594 682.728935 298.065159 684.420175 -0.526000 1.088000 11ae216987c84c0abefef802331df41c vehicle.car
BOX 315.649103 669.045232 313.724974 669.861216 311.852897 665.446768 313.777026 664.630784 -0.063000 1.937000 0c3833f73f0e43288758cb87c9d2a4fe vehicle.car
BOX 283.582023 675.733283 282.988071 675.013762 284.585977 673.694717 285.179929 674.414238 -0.076500 1.762500 ba9b515701e248b0a00c814447cea8a1 vehicle.bicycle
BOX 348.182948 636.982630 346.810679 635.523559 349.873052 632.643370 351.245321 634.102441 1.332500 2.895500 c02e9190395b41d6ae3db4e3d3c7ba4b vehicle.car
BOX 222.768704 706.189374 219.768859 707.089572 215.797296 693.854626 218.797141 692.954428 0.173000 3.779000 89f39b68d255409a8b3f172ccbd9d42b vehicle.bus.rigid
BOX 285.573645 676.137814 284.312358 674.537002 287.948355 671.672186 289.209642 673.272998 -0.026000 1.462000 3ca372ae40fc4727a1e0e245122ccf94 vehicle.car
BOX 306.378424 689.047998 306.034893 688.483278 306.523576 688.186002 306.867107 688.750722 -0.838500 0.858500 4b086f653d5a47a79f73f1d4a4d956d8 human.pedestrian.adult
BOX 318.918406 667.299317 320.641444 666.079702 323.269594 669.792683 321.546556 671.012298 0.010500 2.357500 ff8706c344604bb88d789adc41556aab vehicle.construction
BOX 295.241374 673.668147 296.348018 675.197815 292.712626 677.827853 291.605982 676.298185 -0.179000 1.303000 c27a467cdb1c4643801745a2574d6a46 vehicle.car
BOX 316.096378 700.625858 317.783429 702.551333 313.543622 706.266142 311.856571 704.340667 -1.336500 0.892500 58350757f1d04f628aab9b22cf33549b vehicle.car
ENDFRAME

FRAME 1535657124.148113 309.187491 668.667274 2.678322
BOX 309.008484 670.084039 306.436339 671.054126 303.365516 662.911961 305.937661 661.941874 -0.132000 2.946000 e75bb479e10c426e9dcf5ff1afefa84d vehicle.truck
BOX 305.483883 688.429033 306.682088 690.010350 303.234117 692.622967 302.035912 691.041650 -0.801500 0.745500 38798e421c51439f883ead7073ce7b79 vehicle.car
BOX 306.831079 688.088100 306.428826 687.393117 307.090921 687.009900 307.493174 687.704883 -0.858500 1.026500 3c16d6997c70488ab7e9dfd0fbec962e human.pedestrian.adult
BOX 333.048905 642.095404 331.497486 643.450654 328.529095 640.052596 330.080514 638.697346 0.624500 2.347500 2a318666f9144553a5700cd042626988 vehicle.car
BOX 291.704406 683.982065 290.368841 682.290825 294.067594 679.369935 295.403159 681.061175 -0.386000 1.228000 11ae216987c84c0abefef802331df41c vehicle.car
BOX 315.649103 669.045232 313.724974 669.861216 311.852897 665.446768 313.777026 664.630784 -0.063000 1.937000 0c3833f73f0e43288758cb87c9d2a4fe vehicle.car
BOX 282.249921 674.132056 281.647634 673.419498 283.230079 672.081944 283.832366 672.794502 -0.047500 1.791500 ba9b515701e248b0a00c814447cea8a1 vehicle.bicycle
BOX 348.182948 636.982630 346.810679 635.523559 349.873052 632.643370 351.245321 634.102441 1.332500 2.895500 c02e9190395b41d6ae3db4e3d3c7ba4b vehicle.car
BOX 217.752861 707.658977 214.734833 708.496193 211.041139 695.181023 214.059167 694.343807 0.176000 3.782000 89f39b68d255409a8b3f172ccbd9d42b vehicle.bus.rigid
BOX 283.245398 673.214973 281.977139 671.619679 285.600602 668.739027 286.868861 670.334321 0.034000 1.522000 3ca372ae40fc4727a1e0e245122ccf94 vehicle.car
BOX 306.065418 688.518125 305.728476 687.949449 306.220582 687.657875 306.557524 688.226551 -0.786500 0.910500 4b086f653d5a47a79f73f1d4a4d956d8 human.pedestrian.adult
BOX 318.915826 667.291102 320.641226 666.074830 323.262174 669.792898 321.536774 671.009170 0.019500 2.366500 ff8706c344604bb88d789adc41556aab vehicle.construction
BOX 297.496464 676.887253 298.589726 678.426514 294.931536 681.024747 293.838274 679.485486 -0.286000 1.196000 c27a467cdb1c4643801745a2574d6a46 vehicle.car
ENDFRAME

FRAME 1535657124.648599 309.187553 668.667370 2.678218
BOX 309.001484 670.076039 306.429339 671.046126 303.358516 662.903961 305.930661 661.933874 -0.123000 2.955000 e75bb479e10c426e9dcf5ff1afefa84d vehicle.truck
BOX 307.903396 691.531080 309.119928 693.098341 305.702604 695.750920 304.486072 694.183659 -0.976500 0.570500 38798e421c51439f883ead7073ce7b79 vehicle.car
BOX 311.418398 707.817190 310.075805 706.225912 313.471602 703.360810 314.814195 704.952088 -1.453000 0.229000 415f26c98be6425aa9bf929e724e9b90 vehicle.car
BOX 306.503508 687.529286 306.089187 686.841429 306.744492 686.446714 307.158813 687.134571 -0.824500 1.060500 3c16d6997c70488ab7e9dfd0fbec962e human.pedestrian.adult
BOX 333.048905 642.095404 331.497486 643.450654 328.529095 640.052596 330.080514 638.697346 0.620500 2.343500 2a318666f9144553a5700cd042626988 vehicle.car
BOX 289.039406 680.619065 287.703841 678.927825 291.402594 676.006935 292.738159 677.698175 -0.246000 1.368000 11ae216987c84c0abefef802331df41c vehicle.car
BOX 315.649103 669.045232 313.724974 669.861216 311.852897 665.446768 313.777026 664.630784 -0.063000 1.937000 0c3833f73f0e43288758cb87c9d2a4fe vehicle.car
BOX 280.888026 672.453284 280.294072 671.733765 281.891974 670.414716 282.485928 671.134235 -0.001500 1.837500 ba9b515701e248b0a00c814447cea8a1 vehicle.bicycle
BOX 348.182948 636.982630 346.810679 635.523559 349.873052 632.643370 351.245321 634.102441 1.332500 2.895500 c02e9190395b41d6ae3db4e3d3c7ba4b vehicle.car
BOX 212.688380 708.973932 209.653470 709.747719 206.239620 696.358068 209.274530 695.584281 0.180000 3.786000 89f39b68d255409a8b3f172ccbd9d42b vehicle.bus.rigid
BOX 280.914186 670.289097 279.638970 668.699358 283.249814 665.802903 284.525030 667.392642 0.095000 1.583000 3ca372ae40fc4727a1e0e245122ccf94 vehicle.car
BOX 305.752416 687.988192 305.422117 687.415633 305.917584 687.129808 306.247883 687.702367 -0.733500 0.963500 4b086f653d5a47a79f73f1d4a4d956d8 human.pedestrian.adult
BOX 318.914258 667.281886 320.642015 666.068965 323.255742 669.792114 321.527985 671.005035 0.028500 2.375500 ff8706c344604bb88d789adc41556aab vehicle.construction
BOX 299.754480 680.110530 300.834259 681.659279 297.153520 684.225470 296.073741 682.676721 -0.393000 1.089000 c27a467cdb1c4643801745a2574d6a46 vehicle.car
ENDFRAME

FRAME 1535657125.148970 309.187636 668.667438 2.678209
BOX 300.257349 696.159976 298.896866 694.447652 303.316651 690.936024 304.677134 692.648348 -0.928500 1.204500 2c74f27891164c9182d5a0d0102dca8c vehicle.truck
BOX 308.994484 670.068039 306.422339 671.038126 303.351516 662.895961 305.923661 661.925874 -0.115000 2.963000 e75bb479e10c426e9dcf5ff1afefa84d vehicle.truck
BOX 310.321766 694.633416 311.556455 696.186413 308.170234 698.878584 306.935545 697.325587 -1.076500 0.470500 38798e421c51439f883ead7073ce7b79 vehicle.car
BOX 309.512398 705.558190 308.169805 703.966912 311.565602 701.101810 312.908195 702.693088 -1.320000 0.362000 415f26c98be6425aa9bf929e724e9b90 vehicle.car
BOX 306.161972 686.979306 305.735710 686.298784 306.384028 685.892694 306.810290 686.573216 -0.791500 1.093500 3c16d6997c70488ab7e9dfd0fbec962e human.pedestrian.adult
BOX 333.048905 642.095404 331.497486 643.450654 328.529095 640.052596 330.080514 638.697346 0.617500 2.340500 2a318666f9144553a5700cd042626988 vehicle.car
BOX 286.407339 677.272092 285.101494 675.557801 288.850661 672.701908 290.156506 674.416199 -0.157000 1.457000 11ae216987c84c0abefef802331df41c vehicle.car
BOX 315.649103 669.045232 313.724974 669.861216 311.852897 665.446768 313.777026 664.630784 -0.063000 1.937000 0c3833f73f0e43288758cb87c9d2a4fe vehicle.car
BOX 279.527201 670.774375 278.941658 670.047995 280.554799 668.747625 281.140342 669.474005 0.044500 1.883500 ba9b515701e248b0a00c814447cea8a1 vehicle.bicycle
BOX 348.182948 636.982630 346.810679 635.523559 349.873052 632.643370 351.245321 634.102441 1.332500 2.895500 c02e9190395b41d6ae3db4e3d3c7ba4b vehicle.car
BOX 207.623514 710.285102 204.573058 710.995134 201.440486 697.536898 204.490942 696.826866 0.183000 3.789000 89f39b68d255409a8b3f172ccbd9d42b vehicle.bus.rigid
BOX 278.574186 667.359097 277.298970 665.769358 280.909814 662.872903 282.185030 664.462642 0.256000 1.744000 3ca372ae40fc4727a1e0e245122ccf94 vehicle.car
BOX 305.439426 687.457202 305.115814 686.880838 305.614574 686.600798 305.938186 687.177162 -0.681500 1.015500 4b086f653d5a47a79f73f1d4a4d956d8 human.pedestrian.adult
BOX 318.912698 667.272676 320.642805 666.063110 323.249302 669.791324 321.519195 671.000890 0.037500 2.384500 ff8706c344604bb88d789adc41556aab vehicle.construction
BOX 302.021480 683.363530 303.101259 684.912279 299.420520 687.478470 298.340741 685.929721 -0.539000 0.943000 c27a467cdb1c4643801745a2574d6a46 vehicle.car
ENDFRAME

FRAME 1535657125.649405 309.187659 668.667521 2.678203
BOX 298.285349 693.634976 296.924866 691.922652 301.344651 688.411024 302.705134 690.123348 -0.814500 1.318500 2c74f27891164c9182d5a0d0102dca8c vehicle.truck
BOX 308.987484 670.060039 306.415339 671.030126 303.344516 662.887961 305.916661 661.917874 -0.106000 2.972000 e75bb479e10c426e9dcf5ff1afefa84d vehicle.truck
BOX 313.090033 698.041166 314.378169 699.550126 311.087967 702.358834 309.799831 700.849874 -1.276500 0.270500 38798e421c51439f883ead7073ce7b79 vehicle.car
BOX 307.606398 703.299190 306.263805 701.707912 309.659602 698.842810 311.002195 700.434088 -1.187000 0.495000 415f26c98be6425aa9bf929e724e9b90 vehicle.car
BOX 305.820471 686.429161 305.382397 685.756182 306.023529 685.338839 306.461603 686.011818 -0.758500 1.126500 3c16d6997c70488ab7e9dfd0fbec962e human.pedestrian.adult
BOX 333.048905 642.095404 331.497486 643.450654 328.529095 640.052596 330.080514 638.697346 0.613500 2.336500 2a318666f9144553a5700cd042626988 vehicle.car
BOX 283.974406 674.067065 282.638841 672.375825 286.337594 669.454935 287.673159 671.146175 -0.076000 1.538000 11ae216987c84c0abefef802331df41c vehicle.car
BOX 315.649103 669.045232 313.724974 669.861216 311.852897 665.446768 313.777026 664.630784 -0.063000 1.937000 0c3833f73f0e43288758cb87c9d2a4fe vehicle.car
BOX 278.166445 669.095328 277.589393 668.362184 279.217555 667.080672 279.794607 667.813816 0.090500 1.929500 ba9b515701e248b0a00c814447cea8a1 vehicle.bicycle
BOX 348.182948 636.982630 346.810679 635.523559 349.873052 632.643370 351.245321 634.102441 1.332500 2.895500 c02e9190395b41d6ae3db4e3d3c7ba4b vehicle.car
BOX 318.910146 667.263471 320.642597 666.057265 323.241854 669.790529 321.509403 670.996735 0.046500 2.393500 ff8706c344604bb88d789adc41556aab vehicle.construction
BOX 304.385480 686.753530 305.465259 688.302279 301.784520 690.868470 300.704741 689.319721 -0.682000 0.800000 c27a467cdb1c4643801745a2574d6a46 vehicle.car
ENDFRAME

FRAME 1535657126.149278 309.187676 668.667593 2.678215
BOX 296.315349 691.112976 294.954866 689.400652 299.374651 685.889024 300.735134 687.601348 -0.700500 1.432500 2c74f27891164c9182d5a0d0102dca8c vehicle.truck
BOX 308.980484 670.052039 306.408339 671.022126 303.337516 662.879961 305.909661 661.909874 -0.097000 2.981000 e75bb479e10c426e9dcf5ff1afefa84d vehicle.truck
BOX 305.702398 701.043190 304.359805 699.451912 307.755602 696.586810 309.098195 698.178088 -1.055000 0.627000 415f26c98be6425aa9bf929e724e9b90 vehicle.car
BOX 333.048905 642.095404 331.497486 643.450654 328.529095 640.052596 330.080514 638.697346 0.610500 2.333500 2a318666f9144553a5700cd042626988 vehicle.car
BOX 281.553406 671.010065 280.217841 669.318825 283.916594 666.397935 285.252159 668.089175 -0.045000 1.569000 11ae216987c84c0abefef802331df41c vehicle.car
BOX 315.649103 669.045232 313.724974 669.861216 311.852897 665.446768 313.777026 664.630784 -0.063000 1.937000 0c3833f73f0e43288758cb87c9d2a4fe vehicle.car
BOX 348.182948 636.982630 346.810679 635.523559 349.873052 632.643370 351.245321 634.102441 1.332500 2.895500 c02e9190395b41d6ae3db4e3d3c7ba4b vehicle.car
BOX 304.836911 686.338665 304.503291 685.768034 304.997089 685.479335 305.330709 686.049966 -0.645500 1.051500 4b086f653d5a47a79f73f1d4a4d956d8 human.pedestrian.adult
BOX 318.908599 667.254274 320.643386 666.051429 323.235401 669.789726 321.500614 670.992571 0.055500 2.402500 ff8706c344604bb88d789adc41556aab vehicle.construction
ENDFRAME

FRAME 1535657126.649732 309.187759 668.667621 2.678184
BOX 294.123173 688.344029 292.772679 686.623816 297.212827 683.137971 298.563321 684.858184 -0.587500 1.545500 2c74f27891164c9182d5a0d0102dca8c vehicle.truck
BOX 287.556306 664.585552 288.803101 666.179942 285.037694 669.124448 283.790899 667.530058 0.019000 2.283000 eb28d3eeb8ac46b8ac47848a18d41dc5 vehicle.car
BOX 308.974484 670.044039 306.402339 671.014126 303.331516 662.871961 305.903661 661.901874 -0.089000 2.989000 e75bb479e10c426e9dcf5ff1afefa84d vehicle.truck
BOX 305.132471 685.299161 304.694397 684.626182 305.335529 684.208839 305.773603 684.881818 -0.658500 1.226500 3c16d6997c70488ab7e9dfd0fbec962e human.pedestrian.adult
BOX 333.048905 642.095404 331.497486 643.450654 328.529095 640.052596 330.080514 638.697346 0.606500 2.329500 2a318666f9144553a5700cd042626988 vehicle.car
BOX 315.649103 669.045232 313.724974 669.861216 311.852897 665.446768 313.777026 664.630784 -0.063000 1.937000 0c3833f73f0e43288758cb87c9d2a4fe vehicle.car
BOX 348.182948 636.982630 346.810679 635.523559 349.873052 632.643370 351.245321 634.102441 1.332500 2.895500 c02e9190395b41d6ae3db4e3d3c7ba4b vehicle.car
BOX 304.534664 685.779348 304.196076 685.211651 304.687336 684.918652 305.025924 685.486349 -0.627500 1.069500 4b086f653d5a47a79f73f1d4a4d956d8 human.pedestrian.adult
BOX 318.907064 667.245078 320.644181 666.045602 323.228936 669.788922 321.491819 670.988398 0.064500 2.411500 ff8706c344604bb88d789adc41556aab vehicle.construction
BOX 309.110480 693.530530 310.190259 695.079279 306.509520 697.645470 305.429741 696.096721 -0.969000 0.513000 c27a467cdb1c4643801745a2574d6a46 vehicle.car
ENDFRAME

FRAME 1535657127.150180 309.187799 668.667661 2.678123
BOX 291.931050 685.573994 290.590590 683.845950 295.050950 680.386006 296.391410 682.114050 -0.473500 1.659500 2c74f27891164c9182d5a0d0102dca8c vehicle.truck
BOX 289.965306 667.665552 291.212101 669.259942 287.446694 672.204448 286.199899 670.610058 -0.044000 2.220000 eb28d3eeb8ac46b8ac47848a18d41dc5 vehicle.car
BOX 308.967484 670.036039 306.395339 671.006126 303.324516 662.863961 305.896661 661.893874 -0.080000 2.998000 e75bb479e10c426e9dcf5ff1afefa84d vehicle.truck
BOX 304.789471 684.733161 304.351397 684.060182 304.992529 683.642839 305.430603 684.315818 -0.608500 1.276500 3c16d6997c70488ab7e9dfd0fbec962e human.pedestrian.adult
BOX 333.048905 642.095404 331.497486 643.450654 328.529095 640.052596 330.080514 638.697346 0.603500 2.326500 2a318666f9144553a5700cd042626988 vehicle.car
BOX 315.649103 669.045232 313.724974 669.861216 311.852897 665.446768 313.777026 664.630784 -0.063000 1.937000 0c3833f73f0e43288758cb87c9d2a4fe vehicle.car
BOX 348.182948 636.982630 346.810679 635.523559 349.873052 632.643370 351.245321 634.102441 1.332500 2.895500 c02e9190395b41d6ae3db4e3d3c7ba4b vehicle.car
BOX 304.233424 685.219998 303.889893 684.655278 304.378576 684.358002 304.722107 684.922722 -0.609500 1.087500 4b086f653d5a47a79f73f1d4a4d956d8 human.pedestrian.adult
BOX 318.903400 667.289327 320.626432 666.069705 323.254600 669.782673 321.531568 671.002295 0.028500 2.375500 ff8706c344604bb88d789adc41556aab vehicle.construction
BOX 311.474480 696.921530 312.554259 698.470279 308.873520 701.036470 307.793741 699.487721 -1.112000 0.370000 c27a467cdb1c4643801745a2574d6a46 vehicle.car
ENDFRAME

FRAME 1535657127.650049 309.187839 668.667692 2.678142
BOX 289.741997 682.808882 288.411605 681.073075 292.892003 677.639118 294.222395 679.374925 -0.359500 1.773500 2c74f27891164c9182d5a0d0102dca8c vehicle.truck
BOX 292.524306 670.991552 293.771101 672.585942 290.005694 675.530448 288.758899 673.936058 -0.144000 2.120000 eb28d3eeb8ac46b8ac47848a18d41dc5 vehicle.car
BOX 308.960484 670.028039 306.388339 670.998126 303.317516 662.855961 305.889661 661.885874 -0.072000 3.006000 e75bb479e10c426e9dcf5ff1afefa84d vehicle.truck
BOX 299.987398 694.269190 298.644805 692.677912 302.040602 689.812810 303.383195 691.404088 -0.656000 1.026000 415f26c98be6425aa9bf929e724e9b90 vehicle.car
BOX 304.493471 684.257161 304.055397 683.584182 304.696529 683.166839 305.134603 683.839818 -0.583500 1.301500 3c16d6997c70488ab7e9dfd0fbec962e human.pedestrian.adult
BOX 333.048905 642.095404 331.497486 643.450654 328.529095 640.052596 330.080514 638.697346 0.599500 2.322500 2a318666f9144553a5700cd042626988 vehicle.car
BOX 315.649103 669.045232 313.724974 669.861216 311.852897 665.446768 313.777026 664.630784 -0.063000 1.937000 0c3833f73f0e43288758cb87c9d2a4fe vehicle.car
BOX 348.182948 636.982630 346.810679 635.523559 349.873052 632.643370 351.245321 634.102441 1.332500 2.895500 c02e9190395b41d6ae3db4e3d3c7ba4b vehicle.car
BOX 318.899047 667.332715 320.607778 666.093135 323.278953 669.775285 321.570222 671.014865 -0.006500 2.340500 ff8706c344604bb88d789adc41556aab vehicle.construction
ENDFRAME

FRAME 1535657128.149910 309.187861 668.667725 2.678094
BOX 287.444997 679.827882 286.114605 678.092075 290.595003 674.658118 291.925395 676.393925 -0.246500 1.886500 2c74f27891164c9182d5a0d0102dca8c vehicle.truck
BOX 295.083306 674.317552 296.330101 675.911942 292.564694 678.856448 291.317899 677.262058 -0.244000 2.020000 eb28d3eeb8ac46b8ac47848a18d41dc5 vehicle.car
BOX 308.953484 670.020039 306.381339 670.990126 303.310516 662.847961 305.882661 661.877874 -0.063000 3.015000 e75bb479e10c426e9dcf5ff1afefa84d vehicle.truck
BOX 298.090398 692.021190 296.747805 690.429912 300.143602 687.564810 301.486195 689.156088 -0.652000 1.030000 415f26c98be6425aa9bf929e724e9b90 vehicle.car
BOX 304.198471 683.782161 303.760397 683.109182 304.401529 682.691839 304.839603 683.364818 -0.558500 1.326500 3c16d6997c70488ab7e9dfd0fbec962e human.pedestrian.adult
BOX 333.048905 642.095404 331.497486 643.450654 328.529095 640.052596 330.080514 638.697346 0.596500 2.319500 2a318666f9144553a5700cd042626988 vehicle.car
BOX 315.649103 669.045232 313.724974 669.861216 311.852897 665.446768 313.777026 664.630784 -0.063000 1.937000 0c3833f73f0e43288758cb87c9d2a4fe vehicle.car
BOX 348.182948 636.982630 346.810679 635.523559 349.873052 632.643370 351.245321 634.102441 1.332500 2.895500 c02e9190395b41d6ae3db4e3d3c7ba4b vehicle.car
BOX 318.895991 667.376269 320.590189 666.116899 323.304009 669.767731 321.609811 671.027101 -0.041500 2.305500 ff8706c344604bb88d789adc41556aab vehicle.construction
ENDFRAME

